{"markers": [{"id": 0, "mat": [0.962386, -0.230517, -0.143786, 0.0, 0.270168, 0.867846, 0.416957, 0.0, 0.028669, -0.440121, 0.897481, 0.0, 0.23531001117662526, 0.297436082761269, 0.28842891870473997, 1.0]}, {"id": 1, "mat": [0.939472, 0.326626, -0.103477, 0.0, -0.288679, 0.91726, 0.274407, 0.0, 0.184543, -0.227926, 0.95603, 0.0, 0.4733480224828236, 0.23902007998665797, 0.32168492028431506, 1.0]}, {"id": 2, "mat": [0.80189, -0.574156, -0.165279, 0.0, 0.597412, 0.774431, 0.208221, 0.0, 0.008446, -0.26571, 0.964016, 0.0, -0.6021940286026801, 0.21818307899695344, 0.3097099197155331, 1.0]}, {"id": 3, "mat": [0.981196, 0.071508, -0.179281, 0.0, -0.03671, 0.981024, 0.190381, 0.0, 0.189492, -0.180219, 0.965201, 0.0, 0.1274000060511753, 0.2197210790700046, 0.28166691838356184, 1.0]}, {"id": 4, "mat": [0.971578, -0.235395, -0.025021, 0.0, 0.236626, 0.968748, 0.0744, 0.0, 0.006726, -0.078206, 0.996915, 0.0, -0.07915700375975575, -0.08059393519419267, 0.3514419216976967, 1.0]}, {"id": 5, "mat": [0.964739, -0.164239, -0.205681, 0.0, 0.158621, 0.986375, -0.043627, 0.0, 0.210044, 0.009463, 0.977646, 0.0, 0.10294600488967262, -0.1432539381703828, 0.2773069181764731, 1.0]}, {"id": 6, "mat": [0.989534, 0.127154, -0.068227, 0.0, -0.13361, 0.985943, -0.100327, 0.0, 0.054511, 0.108393, 0.992612, 0.0, 0.3983310189197073, -0.11433093679661388, 0.25983691734669256, 1.0]}, {"id": 7, "mat": [0.941578, -0.336412, -0.016057, 0.0, 0.329112, 0.929179, -0.168258, 0.0, 0.071524, 0.153143, 0.985612, 0.0, -0.33104401572374625, -0.2247109420393827, 0.2675019177107605, 1.0]}, {"id": 8, "mat": [0.842924, -0.406328, 0.35267, 0.0, 0.276006, 0.889224, 0.364831, 0.0, -0.461844, -0.210186, 0.861697, 0.0, 0.15727200747001915, -0.2962209454359255, 0.24399591659428554, 1.0]}, {"id": 9, "mat": [0.750313, -0.223669, 0.622096, 0.0, 0.31658, 0.947675, -0.0411, 0.0, -0.580352, 0.22778, 0.781862, 0.0, -0.24159401147509924, -0.49682695496419915, 0.28175591838778935, 1.0]}, {"id": 10, "mat": [0.94068, -0.207122, -0.26874, 0.0, 0.285913, 0.91036, 0.299164, 0.0, 0.182687, -0.358254, 0.915576, 0.0, -0.013002000617561862, -0.7443909667228582, 0.2541799170779997, 1.0]}, {"id": 11, "mat": [0.7292702219725877, -0.362269, 0.5804526178028182, 0.0, -0.2513043557652556, 0.64723, 0.7196799866436967, 0.0, -0.6364041978364314, -0.670712, 0.3809659983781051, 0.0, -0.4422763149269142, -0.6105469603656094, 0.20135331464143547, 1.0]}]}