{"markers": [{"mat": [0.998467, -0.05179, -0.01954, 0.0, 0.053352, 0.994476, 0.090398, 0.0, 0.01475, -0.091301, 0.995714, 0.0, 0.026078001238638536, 0.4188580885285045, 0.26102791740326214, 1.0], "id": 0}, {"mat": [0.975192, -0.144906, 0.167341, 0.0, 0.152015, 0.98791, -0.030415, 0.0, -0.16091, 0.055098, 0.98543, 0.0, 0.5802390275598737, -0.19494994062581106, 0.1598869125993223, 1.0], "id": 1}, {"mat": [0.967265, 0.125465, 0.220583, 0.0, -0.168599, 0.967379, 0.189081, 0.0, -0.189665, -0.220081, 0.956865, 0.0, -0.6408180304372217, 0.28030908194778004, 0.30208591935341245, 1.0], "id": 2}, {"mat": [0.88999, -0.447351, -0.088288, 0.0, 0.451905, 0.891173, 0.039914, 0.0, 0.060824, -0.075421, 0.995295, 0.0, -0.0003000000142492354, -0.33725394738488834, 0.25076391691574806, 1.0], "id": 3}, {"mat": [0.919771, -0.385215, 0.075037, 0.0, 0.372408, 0.917013, 0.142829, 0.0, -0.12383, -0.103426, 0.986899, 0.0, 0.30211601434974, -0.7458999667945319, 0.15224191223620442, 1.0], "id": 4}, {"mat": [0.470683, -0.880675, -0.053561, 0.0, 0.87657, 0.459854, 0.141983, 0.0, -0.100411, -0.113779, 0.988419, 0.0, -0.1141370054212166, 0.18001407718402307, 0.3098429197218502, 1.0], "id": 5}, {"mat": [0.868617, -0.410682, -0.277208, 0.0, 0.421257, 0.906645, -0.023203, 0.0, 0.260858, -0.096622, 0.96053, 0.0, 0.16367800777428784, 0.032162070161430245, 0.2566789171966959, 1.0], "id": 6}, {"mat": [0.823249, -0.55035, -0.139195, 0.0, 0.554899, 0.831886, -0.007244, 0.0, 0.119781, -0.071276, 0.990238, 0.0, -0.37034001759020607, -0.1714439395093359, 0.24437891661247702, 1.0], "id": 7}, {"mat": [0.99325, -0.095608, -0.065675, 0.0, 0.104128, 0.984416, 0.141712, 0.0, 0.051103, -0.147594, 0.987727, 0.0, 0.5768040273967199, 0.0357730703329433, 0.17273391320952203, 1.0], "id": 8}, {"mat": [0.981877, -0.144791, -0.122283, 0.0, 0.172442, 0.950222, 0.259505, 0.0, 0.078622, -0.275889, 0.957969, 0.0, -0.5097830242133933, 0.24015008004033, 0.29041691879916454, 1.0], "id": 9}, {"mat": [0.971947, -0.12522, -0.199095, 0.0, 0.183507, 0.933221, 0.308906, 0.0, 0.147118, -0.336775, 0.930021, 0.0, -0.003981000189087354, -0.721499965635594, 0.22117591551039362, 1.0], "id": 10}, {"mat": [0.698691, -0.712826, 0.060906, 0.0, 0.706911, 0.700965, 0.094471, 0.0, -0.110034, -0.022951, 0.993663, 0.0, -0.19793400940136052, -0.0944519358524123, 0.3288249206234468, 1.0], "id": 11}, {"mat": [0.953794, -0.274331, -0.122553, 0.0, 0.299827, 0.842521, 0.447507, 0.0, -0.019511, -0.463574, 0.885843, 0.0, 0.26909401278127915, 0.3131560835079288, 0.2915979188552591, 1.0], "id": 12}, {"mat": [0.878846, -0.294038, -0.375728, 0.0, 0.329495, 0.943606, 0.032256, 0.0, 0.345055, -0.152148, 0.926169, 0.0, -0.4079750193777727, -0.2224189419305187, 0.26082591739366756, 1.0], "id": 13}, {"mat": [0.848744, -0.524062, 0.070654, 0.0, 0.525492, 0.850797, -0.001944, 0.0, -0.059094, 0.038778, 0.997499, 0.0, 0.39119201858062297, -0.14544393827440216, 0.2554299171373715, 1.0], "id": 14}, {"mat": [0.902893, -0.41787, -0.100839, 0.0, 0.428137, 0.895184, 0.123874, 0.0, 0.038506, -0.155017, 0.987161, 0.0, 0.37852501797897276, -0.6690849631460152, 0.16032691262022136, 1.0], "id": 15}, {"mat": [0.800061, -0.593923, 0.084604, 0.0, 0.572582, 0.798058, 0.187757, 0.0, -0.179032, -0.101774, 0.978565, 0.0, -0.30855901465576613, 0.06772807185072449, 0.2750189180677989, 1.0], "id": 16}, {"mat": [0.474855, -0.799059, -0.368804, 0.0, 0.877373, 0.462577, 0.127437, 0.0, 0.068771, -0.384093, 0.92073, 0.0, -0.12963200615718962, -0.5842649591172813, 0.3395209211314796, 1.0], "id": 17}, {"mat": [0.915648, 0.167853, -0.365259, 0.0, -0.066237, 0.959228, 0.274761, 0.0, 0.396486, -0.227391, 0.889434, 0.0, 0.494778023500694, 0.16814407662022846, 0.27907791826059114, 1.0], "id": 18}, {"mat": [0.894304, -0.396491, -0.207402, 0.0, 0.43097, 0.887904, 0.160907, 0.0, 0.120355, -0.233283, 0.964932, 0.0, -0.05679000269738026, -0.13958193799597218, 0.3174879200849683, 1.0], "id": 19}, {"mat": [0.979921, 0.146728, -0.135, 0.0, -0.104937, 0.955257, 0.276537, 0.0, 0.169536, -0.256818, 0.951474, 0.0, 0.4934400234371424, -0.02252893243625298, 0.16523891285352876, 1.0], "id": 20}, {"mat": [0.886953, -0.408842, 0.214852, 0.0, 0.295818, 0.860127, 0.41554, 0.0, -0.354691, -0.305007, 0.883836, 0.0, -0.26432101255457385, -0.6810639637149871, 0.19799291440926026, 1.0], "id": 21}, {"mat": [0.725813, -0.648705, 0.22886, 0.0, 0.556273, 0.749219, 0.359488, 0.0, -0.404668, -0.133612, 0.90465, 0.0, 0.15610700741468464, -0.268876944137155, 0.25402791707078, 1.0], "id": 22}, {"mat": [0.351425, -0.684599, 0.638611, 0.0, 0.735571, 0.62388, 0.264026, 0.0, -0.579169, 0.376959, 0.722818, 0.0, -0.2570480122091249, -0.4644699534273241, 0.2875929186650319, 1.0], "id": 23}, {"mat": [0.645755, -0.752864, -0.127264, 0.0, 0.758642, 0.651491, -0.004617, 0.0, 0.086387, -0.093566, 0.991858, 0.0, 0.022145001051831058, -0.7659839677484707, 0.18290891369280882, 1.0], "id": 24}]}