{"markers": [{"id": 0, "mat": [0.980155, 0.184605, 0.072222, 0.0, -0.197855, 0.933454, 0.299193, 0.0, -0.012184, -0.307545, 0.951456, 0.0, 0.04497200213605538, 0.3227580839639994, 0.4251429251983063, 1.0]}, {"id": 1, "mat": [0.95645, -0.198779, 0.213753, 0.0, 0.116748, 0.931678, 0.344015, 0.0, -0.267531, -0.304078, 0.914311, 0.0, -0.14130000671138987, 0.21219607871258606, 0.2809759183507414, 1.0]}, {"id": 2, "mat": [0.5276959183614471, -0.321895, 0.7860793835673825, 0.0, -0.06806512511359111, 0.906417, 0.4168642174764735, 0.0, -0.8467019799355391, -0.273482, 0.4564026800033557, 0.0, -0.28701323661874684, 0.01838706950715263, 0.09559320648599887, 1.0]}, {"id": 3, "mat": [0.5576087560503888, -0.617347, 0.5549373606705058, 0.0, 0.3679671954733391, 0.783071, 0.5013991588898921, 0.0, -0.7440917435102712, -0.075385, 0.6638101686234248, 0.0, -0.10596926033464345, 0.11556207412271746, 0.22992806462936774, 1.0]}, {"id": 4, "mat": [0.7469952437831295, -0.394493, -0.5351388962647071, 0.0, 0.4567078956572764, 0.889432, -0.01815708496176527, 0.0, 0.4831320499077024, -0.230838, 0.844568950149134, 0.0, 0.17670360001494367, 0.09491707314213249, 0.158688452146578, 1.0]}, {"id": 5, "mat": [0.5074087292438277, -0.049346, -0.8602920013415196, 0.0, 0.15728880954346883, 0.98689, 0.03616212064300512, 0.0, 0.8472288414089466, -0.153664, 0.5085186740965237, 0.0, 0.389216119243327, 0.15197507585224224, -0.005713698971769099, 1.0]}, {"id": 6, "mat": [0.6915969301337044, -0.203727, -0.6929561967647664, 0.0, 0.25110300842253686, 0.96737, -0.03379279821433792, 0.0, 0.6772302925963207, -0.150632, 0.7201867295048948, 0.0, 0.21152027152249964, -0.0721829347946914, 0.11658923993751256, 1.0]}, {"id": 7, "mat": [0.853730475021349, -0.497818, 0.15271305644534955, 0.0, 0.41943928352941695, 0.831238, 0.3648470667914895, 0.0, -0.30856869247109775, -0.247427, 0.9184583659109162, 0.0, -0.12359673595953329, -0.12231293717573877, 0.1944760378864838, 1.0]}, {"id": 8, "mat": [0.5163925645823323, 0.018257, 0.856157107786981, 0.0, -0.12555793601384804, 0.990582, 0.05460592613392857, 0.0, -0.8470973606249216, -0.135696, 0.51382171679229, 0.0, -0.4131965128129718, 0.18754907754191663, 0.1444327114745323, 1.0]}, {"id": 9, "mat": [0.734779446556239, -0.447579, 0.5096780162255403, 0.0, 0.271185317603655, 0.882574, 0.384085680449338, 0.0, -0.6217365391693241, -0.144001, 0.7698743670670349, 0.0, -0.20753021064410238, -0.06022693422681202, 0.16450229257443655, 1.0]}, {"id": 10, "mat": [0.8132498785507004, 0.343712, -0.46955996008963996, 0.0, 0.13570430476001494, 0.672655, 0.7274058650352437, 0.0, 0.5658698404991452, -0.655284, 0.5003945483651328, 0.0, 0.15657896586894438, -0.28605394495301906, 0.03660560148000084, 1.0]}, {"id": 11, "mat": [0.650013937864947, 0.211136, -0.7300029563737583, 0.0, -0.019732643993867025, 0.964994, 0.2615301578824517, 0.0, 0.7596658791002643, -0.155593, 0.6314250663467107, 0.0, 0.2655297697398568, 0.04162607061094592, 0.0663132996799096, 1.0]}]}