{"markers": [{"mat": [-0.9336298504443993, 0.01872, 0.35775037855353975, 0.0, 0.0834658371709754, 0.982518, 0.16640824494402118, 0.0, -0.34838162769522985, 0.185224, -0.9188706700011997, 0.0, -0.11736526765666949, 0.3514440853265113, -0.2071051770523117, 1.0], "id": 0}, {"mat": [0.22353126945042384, 0.023528, 0.9744128286383341, 0.0, -0.03172336618801188, 0.999355, -0.016852628450820507, 0.0, -0.9741801511796608, -0.027145, 0.22413365321533232, 0.0, -0.19072154312420242, 0.1778840770828538, -0.029148502876016266, 1.0], "id": 1}, {"mat": [-0.18104618363065408, -0.021464, -0.9832401991405303, 0.0, 0.04693831307908898, 0.998434, -0.03043884162201059, 0.0, 0.9823536550172532, -0.051662, -0.1797545569363328, 0.0, 0.079755182159867, 0.2950380826473702, -0.07219771246505155, 1.0], "id": 2}, {"mat": [0.9958540928637827, -0.090787, -0.00561591235704334, 0.0, 0.09087556332315415, 0.995696, 0.018218080900597008, 0.0, 0.003937445992682087, -0.018653, 0.9998180020029672, 0.0, -0.032914756232286416, 0.16269407636136735, 0.10056891707552117, 1.0], "id": 3}, {"mat": [0.1420538288311602, -0.149901, -0.9784424788200974, 0.0, -0.5774005325457823, 0.790329, -0.20491086530715585, 0.0, 0.8040077159921377, 0.594062, 0.025716746105303355, 0.0, 0.20816833614044492, 0.07036607197602263, -0.04037257820908256, 1.0], "id": 4}, {"mat": [-0.5410304667116724, -0.818009, -0.19531633265763038, 0.0, -0.7897316667311242, 0.574005, -0.21642991420835322, 0.0, 0.289153217499225, 0.037152, -0.9565616955612828, 0.0, 0.03820621751364228, -0.04468693348870145, -0.2627259949753884, 1.0], "id": 5}, {"mat": [0.9964167005574338, 0.063574, -0.05578532692834498, 0.0, -0.06320963967176946, 0.997966, 0.008273554288584128, 0.0, 0.056198264062766706, -0.004718, 0.9984088102238469, 0.0, -0.04345949852954718, 0.10180207346915249, 0.06040877428741893, 1.0], "id": 6}, {"mat": [-0.0884285582767716, -0.429594, -0.8986818558924632, 0.0, -0.08221496466116654, 0.902286, -0.42322778196476624, 0.0, 0.9926835359176838, 0.03646, -0.11510702362691436, 0.0, 0.3006246702846177, -0.20393794105271823, -0.06210880971719229, 1.0], "id": 7}, {"mat": [0.7620586638222995, -0.302232, 0.5726447347733674, 0.0, 0.25199395822687565, 0.953091, 0.16767848890713682, 0.0, -0.596460766837514, 0.016522, 0.8024721909972473, 0.0, -0.20013430691988773, -0.11399393678060732, 0.04945605472794938, 1.0], "id": 8}, {"mat": [-0.6118358836359421, -0.706434, -0.355819822793236, 0.0, -0.6170630959913942, 0.707721, -0.3440424143774991, 0.0, 0.49486390185070084, 0.009066, -0.8689235832485311, 0.0, 0.25472448311403384, -0.4400609522679588, -0.18423091264831457, 1.0], "id": 9}, {"mat": [0.051653051431930316, -0.52019, 0.8524868076041117, 0.0, 0.07668820319584652, 0.853172, 0.5159616588853253, 0.0, -0.9957165707433633, 0.038725, 0.08396171075233741, 0.0, -0.40664113233099036, -0.22732194216339852, -0.14295543901758234, 1.0], "id": 10}, {"mat": [0.9516159067968276, -0.226689, 0.20746001249306928, 0.0, 0.20986816743015593, 0.972594, 0.10008112748929884, 0.0, -0.22446141282876153, -0.0517, 0.9731103810315191, 0.0, -0.020251732519855275, -0.06305093436094467, 0.13767670099733892, 1.0], "id": 11}, {"mat": [-0.9160782207879233, -0.396445, -0.060270025148430925, 0.0, -0.38272681366523387, 0.909255, -0.16363104054772518, 0.0, 0.1196712538096766, -0.126832, -0.9846791254068707, 0.0, -0.04477662864880913, -0.19314194053993572, -0.2795034475522228, 1.0], "id": 12}, {"mat": [-0.7356779993810658, -0.587146, 0.33769366052674876, 0.0, -0.6009223628244857, 0.795822, 0.07456023856315894, 0.0, -0.3125222748523827, -0.148075, -0.9382985625410036, 0.0, -0.30644083165793706, -0.3710329489893047, -0.31846929861833495, 1.0], "id": 13}, {"mat": [0.47480152392175984, -0.60602, 0.638203043175823, 0.0, 0.17519610926016715, 0.775724, 0.6062662406511621, 0.0, -0.8624788387183038, -0.176046, 0.4744871104809866, 0.0, -0.1650190382147122, -0.6602689627272776, 0.18612279535635082, 1.0], "id": 14}, {"mat": [0.8870612110327234, -0.411654, 0.20895727992717483, 0.0, 0.3750612476163925, 0.906536, 0.19370702003417983, 0.0, -0.2691674961714281, -0.093458, 0.9585484351837879, 0.0, -0.07531460459344473, -0.24542794302338744, 0.10703142520014171, 1.0], "id": 15}, {"mat": [0.4262103620133538, -0.88421, -0.19109596555804964, 0.0, 0.8807622214650361, 0.453802, -0.13535624243233862, 0.0, 0.20640338779907585, -0.11062, 0.9721942104855368, 0.0, 0.2544121768916991, -0.6801339636708145, 0.12100179698551318, 1.0], "id": 16}, {"mat": [0.3747134533513562, -0.901872, -0.21498000598800215, 0.0, 0.8992168340344383, 0.410001, -0.1526663221523632, 0.0, 0.22582784951273593, -0.136108, 0.9646116539156995, 0.0, 0.25307791035995025, -0.6741229633853073, 0.12417308110188395, 1.0], "id": 17}, {"mat": [-0.9571975363915511, 0.284391, 0.05379631355826903, 0.0, 0.28426049691206745, 0.958693, -0.010237385278956054, 0.0, -0.05448604887139755, 0.005493, -0.9984997983780183, 0.0, -0.04289813312117851, -0.33731894738797563, -0.2635810699832892, 1.0], "id": 18}, {"mat": [0.7199246300310559, -0.661548, -0.2099118614775607, 0.0, 0.6816307020670381, 0.730892, 0.03430833965478254, 0.0, 0.130725950118946, -0.167782, 0.9771183500406001, 0.0, 0.009947120391531075, -0.39088594993227166, 0.21864891399466957, 1.0], "id": 19}, {"mat": [0.349155143544985, 0.693142, 0.6305908656842325, 0.0, -0.26375037705245613, 0.71843, -0.6436564608624501, 0.0, -0.8991805913720428, 0.058417, 0.43366042801876203, 0.0, -0.38099275289286344, -0.44779795263544664, -0.0448546389696306, 1.0], "id": 20}, {"mat": [0.3217138397681383, -0.441612, 0.8375436238305284, 0.0, -0.09037518316007614, 0.866209, 0.49144152244386924, 0.0, -0.9425134414129195, -0.233797, 0.23876056111845861, 0.0, -0.18712197798384952, -0.7138169652706712, 0.07553403090990878, 1.0], "id": 21}, {"mat": [0.7534938506222166, -0.62281, 0.21060840725843777, 0.0, 0.6404955896471752, 0.767664, -0.021370966819654225, 0.0, -0.1483659204956435, 0.150996, 0.9773370950849911, 0.0, 0.024625728933656305, -0.6947039643628523, 0.3225747783647963, 1.0], "id": 22}, {"mat": [-0.5730205194436777, 0.80408, -0.15844022021491874, 0.0, 0.8007573429649666, 0.590478, 0.1006132339414409, 0.0, 0.17445616552102206, -0.069218, -0.9822289314540766, 0.0, 0.25437591621322997, -0.582044959011837, -0.16655535073059677, 1.0], "id": 23}, {"mat": [-0.697617228440982, -0.704517, 0.13032853145359696, 0.0, -0.6897988542005944, 0.611272, -0.38797515859936715, 0.0, 0.19366907769275593, -0.360558, -0.9124091455435712, 0.0, 0.03525876119580139, -0.5894689593644581, -0.28202456399373993, 1.0], "id": 24}, {"mat": [0.15830582147687156, 0.016661, -0.9872499482668017, 0.0, 0.22779155370340243, 0.97227, 0.052934361868821916, 0.0, 0.9607548484637746, -0.233267, 0.15012090196421832, 0.0, 0.3895664069735314, -0.4539649529283635, 0.030316526790938696, 1.0], "id": 25}]}