[0.08224929654127099 0.9793406217655515 0.18473494465944731 0.0 -0.9242577744259425 0.005617158810422783 0.38172766986439716 0.0 0.3728037280281271 -0.20213954112632562 0.9056251908386652 0.0 1.2232384872506485 -0.3471863094445692 2.7940197859460336 1.0]
[0.15027694249915471 0.9793406217655515 0.13530996679095275 0.0 -0.655104560257488 -0.0038632175591175105 0.7555283520027123 0.0 0.7404423378514692 -0.20218066700343512 0.6409899548410232 0.0 2.2557676576062486 -0.3483631568642043 2.052869686002623 1.0]
[0.19232033987577124 0.9793406217655515 0.062488666411844834 0.0 -0.25177364174929995 -0.012303774407169649 0.9677079365467829 0.0 0.9484845387197215 -0.20184291836772592 0.24420588877919486 0.0 2.894915572601438 -0.3517449279513146 0.9603733320666392 1.0]
[0.20110980331242928 0.9793406217655515 -0.021137492081583567 0.0 0.06010953792351175 0.009199820061932193 0.9981493910038967 0.0 0.9777227063243739 -0.20200819258310063 -0.057017538240887074 0.0 3.0353052251203705 -0.34724913644611377 -0.29965517059082253 1.0]
[0.17512555473116206 0.9793406217655515 -0.10110878616601898 0.0 0.4605015801368032 0.009291558436363702 0.8876102532267927 0.0 0.870212235475697 -0.20200399377657519 -0.4493607144897106 0.0 2.644751833851481 -0.3506855496564362 -1.5191554503582718 1.0]
[0.11886050677115834 0.9793406217655515 -0.16359745257786387 0.0 0.7834063380997998 0.00873171265542156 0.6214485229036797 0.0 0.6100382687628421 -0.20202896761099917 -0.7661837944585282 0.0 1.7791931164366133 -0.35228095681756516 -2.4773478667487647 1.0]
[0.04204339737661649 0.9793406217655515 -0.19779863320279775 0.0 0.9695739791691153 0.007793079936901032 0.24467440982510877 0.0 0.24116104920820053 -0.202067351308815 -0.9492155360506063 0.0 0.6495286865994502 -0.3523865663639075 -2.9800772300087144 1.0]
[-0.04204339737661665 0.9793406217655515 -0.1977986332027977 0.0 0.9885899838838655 0.01211582091480214 -0.15014343358288662 0.0 -0.14464507078200126 -0.20185428765181937 -0.9686757197612864 0.0 -0.6406791449661863 -0.3525262084233736 -2.981958258150637 1.0]
[-0.11886050677115838 0.9793406217655514 -0.16359745257786387 0.0 0.7768528977910767 -0.010886778383398302 -0.6295880027843905 0.0 -0.6183621553133005 -0.20192430417434587 -0.7595095919473275 0.0 -1.8080100288835623 -0.347037943680763 -2.4564111543302496 1.0]
[-0.17512555473116206 0.9793406217655515 -0.101108786166019 0.0 0.4773570900266775 -0.005356833469304221 -0.8786930709505137 0.0 -0.8610814413755329 -0.2021466074289775 -0.46655707091800624 0.0 -2.641706193861578 -0.34822316013208016 -1.5244306535623484 1.0]
[-0.20110980331242928 0.9793406217655515 -0.0211374920815834 0.0 0.10373972447588342 -0.00016375143109467708 -0.9946044654791858 0.0 -0.9740600169277579 -0.20221750603083752 -0.10156359425189909 0.0 -3.0349711034046902 -0.3453033668650532 -0.3028341263658804 1.0]
[-0.1923203398757712 0.9793406217655515 0.06248866641184491 0.0 -0.3121896959335306 -0.000689213277020885 -0.9500195359770179 0.0 -0.9303496550345991 -0.20221639781412826 0.30587260065602584 0.0 -2.8997284161875982 -0.3520043478801862 0.9455609225945152 1.0]
[-0.15027694249915471 0.9793406217655515 0.13530996679095278 0.0 -0.6620458528556427 0.0019597732368784346 -0.7494607714920807 0.0 -0.734242554793544 -0.20220807562687254 0.6480738884429201 0.0 -2.2584607637366294 -0.3475991497099406 2.049878688630458 1.0]
[-0.08224929654127086 0.9793406217655515 0.1847349446594474 0.0 -0.8980788321832434 0.0075301135854048025 -0.43977006329873436 0.0 -0.4320757623413376 -0.20207732170942364 0.8789057353595425 0.0 -1.2579444641975779 -0.3481692940769143 2.778567689457604 1.0]
[6.122036083192889e-17 0.9793406217655515 0.20221757233203794 0.0 -0.9998043660352174 -0.003999767771169817 0.019370893492398632 0.0 0.019779526205577838 -0.2021780117066139 0.9791490294768428 0.0 0.011577106273242429 -0.3531204483364888 3.05 1.0]
[0.06153220283520864 0.9919129128968937 0.11100703240176396 0.0 -0.8757696920106793 0.00030417682943434117 0.4827290689734523 0.0 0.4787914311783017 -0.12691997756403822 0.868705982899495 0.0 1.484551866101637 -0.036971737933406246 2.664329370282389 1.0]
[0.10136309211574808 0.9919129128968937 0.0763825685947645 0.0 -0.5968288120832141 -0.0007969756931038194 0.8023682034434589 0.0 0.7959402569439956 -0.12691783979466453 0.5919214215736596 0.0 2.4268506990587824 -0.04203659201952626 1.8474627773917447 1.0]
[0.12366738191469173 0.9919129128968937 0.028550864763878987 0.0 -0.20002553798170183 -0.003263473534476956 0.9797852488661076 0.0 0.9719548152077321 -0.12687837865014392 0.19800432880524146 0.0 2.9713970657084636 -0.03252716414815148 0.6879703188517508 1.0]
[0.12458845789769066 0.9919129128968937 -0.024217542961144794 0.0 0.21040757997182555 -0.002559734807955887 0.9776104019741774 0.0 0.9696423910128287 -0.12689452701402243 -0.20902490895778986 0.0 2.994206879154482 -0.04246176981446142 -0.5807123209118182 1.0]
[0.1039670576595717 0.9919129128968935 -0.07279851749871574 0.0 0.6146754226395924 -0.006538822667177567 0.7887530466508295 0.0 0.7818983154633663 -0.1267517929913685 -0.6103843111098315 0.0 2.4987492542828607 -0.037447032665664785 -1.7489289597919355 1.0]
[0.0653688086410456 0.9919129128968935 -0.10879196700698951 0.0 0.8613121447088675 -0.0010368435360564013 0.5080751069797581 0.0 0.5038534590869267 -0.12691610687332505 -0.8544144155983427 0.0 1.559375933489098 -0.034469783731682836 -2.6212642728138187 1.0]
[0.015467698751499469 0.9919129128968937 -0.12597429707576221 0.0 0.9978384377458576 -0.007265378041081231 0.06531206962596174 0.0 0.06386863433829756 -0.12671222320802247 -0.9898812100638344 0.0 0.3579440118998876 -0.03300919878006401 -3.0289549693205355 1.0]
[-0.03710791677181267 0.9919129128968937 -0.12137452673957479 0.0 0.9711356234268801 0.007156506977100973 -0.23842060590303793 0.0 -0.23562386004847058 -0.12671841869391456 -0.9635475281165805 0.0 -0.8895118050158618 -0.03774360483876288 -2.917408806972779 1.0]
[-0.0832672363704377 0.9919129128968937 -0.0957879980771557 0.0 0.7415037988091276 -0.002545984618826499 -0.6709438384201417 0.0 -0.6657617319273182 -0.1268948036395511 -0.7352951958978228 0.0 -2.014436369337193 -0.04034429260212765 -2.290166809674382 1.0]
[-0.1150288943415197 0.9919129128968937 -0.05363885434055271 0.0 0.40914029840618116 -0.001896198110852002 -0.9124695176567956 0.0 -0.9051920070828444 -0.1269061766074604 -0.4056134276034357 0.0 -2.7565180919896393 -0.04100113005611691 -1.3055427038335345 1.0]
[-0.1269010114762542 0.9919129128968935 -0.0022150653947744393 0.0 -0.029089992212949792 -0.005953786924413862 -0.9995590651753948 0.0 -0.9914887319780061 -0.12678062016593153 0.0296102804949172 0.0 -3.0498594993889845 -0.032733407034563365 -0.03466622137598119 1.0]
[-0.11683079086724756 0.9919129128968937 0.0495917284809977 0.0 -0.39381762696309575 -0.00042935066366027057 -0.9191884966377483 0.0 -0.9117336469597299 -0.12691961584564912 0.3906829508887013 0.0 -2.8097891333052503 -0.03396669083936231 1.1864308518416828 1.0]
[-0.08655946514287904 0.9919129128968937 0.09282366197569582 0.0 -0.7062512840960814 0.004618775736444419 -0.7079461777729524 0.0 -0.7026496870466925 -0.1268362729628081 0.7001399696875541 0.0 -2.082995719776898 -0.03475373811608866 2.2279238232985805 1.0]
[-0.04132122152725292 0.9919129128968937 0.1200055410383005 0.0 -0.9346228107669154 0.004089329818519984 -0.3556170397714175 0.0 -0.3532318760327927 -0.12685444655208147 0.9268954585843643 0.0 -1.0031323302847686 -0.03504401821224139 2.880336916518691 1.0]
[0.01106183668194796 0.9919129128968937 0.12643737183926848 0.0 -0.9985688778935862 0.004341460698515389 0.053304294586341006 0.0 0.05232429523238787 -0.126846067922513 0.9905413889288177 0.0 0.2704589592024827 -0.04100611431289427 3.0379884116279716 1.0]
[0.028453666166654852 0.9987045980408904 0.04218429486977389 0.0 -0.8237136226193144 -0.0004816935936556003 0.5670058517181701 0.0 0.5662916711316194 -0.05088117356415142 0.8226328764301196 0.0 1.7125573056809495 0.2791579979203259 2.5238302546743916 1.0]
[0.04315161596567803 0.9987045980408904 0.02696412230231334 0.0 -0.5335497595476691 0.0002184079774776922 0.8457686482629748 0.0 0.844667148719645 -0.05088298487646774 0.5328680228010366 0.0 2.5960978388906057 0.2718182939227063 1.6009687277940812 1.0]
[0.05038825934411134 0.9987045980408904 0.007081608027421923 0.0 -0.1107103971288632 -0.0014614566867203627 0.9938516348590077 0.0 0.9925745469675515 -0.05086246156387155 0.11049334240497799 0.0 3.0223653305350133 0.27348774666557146 0.4099076668269685 1.0]
[0.04891231491898249 0.9987045980408904 -0.014025380609799987 0.0 0.23233813165445688 0.002280297694929024 0.972632403748579 0.0 0.9714044358703445 -0.050832333159180995 -0.23192562574457246 0.0 2.928677582276901 0.2766704997524636 -0.8517510977715297 1.0]
[0.0389789868899304 0.9987045980408903 -0.032707253523004715 0.0 0.6593790351024446 -0.0011137341961112495 0.7518098480756353 0.0 0.7507995249388508 -0.050871263480710624 -0.6585682864392061 0.0 2.3388801731369493 0.27507628070064843 -1.9575888229409304 1.0]
[0.02230583791463033 0.9987045980408904 -0.045733745166011835 0.0 0.9090880196629116 -0.0012267762465240327 0.41660228939050076 0.0 0.41600651689642054 -0.05086866296674638 -0.9079377495333496 0.0 1.3536363636064264 0.27818492811141543 -2.7332233508506842 1.0]
[0.0017758069217148984 0.9987045980408904 -0.05085245679178401 0.0 0.9993259170129257 9.235813545079782e-05 0.036711075389448136 0.0 0.03666821642856 -0.05088336979758992 -0.9980312242520221 0.0 0.08849676319612185 0.27121547471644036 -3.0487687350430686 1.0]
[-0.01906127722066448 0.9987045980408904 -0.04717831665819 0.0 0.9439061389882366 0.00241666977325855 -0.3302050279561576 0.0 -0.3296632653042143 -0.050826032298326114 -0.9427294659390746 0.0 -1.1447093619862325 0.27781448467045944 -2.827038361965162 1.0]
[-0.03660249336532372 0.9987045980408904 -0.03534661697284343 0.0 0.6737676290737612 -0.0014594097538240612 -0.7389418462473842 0.0 -0.7380362047296621 -0.05086252033820103 -0.6728414111312427 0.0 -2.1872130753565484 0.2727863660248219 -2.125722003607662 1.0]
[-0.04781480588390537 0.9987045980408903 -0.01740316609895795 0.0 0.29033052313673047 -0.0027749766408708453 -0.956922403771484 0.0 -0.9557310979943243 -0.05080772930003948 -0.28982174343885425 0.0 -2.8603603780419773 0.2741259199152464 -1.058827870324395 1.0]
[-0.05075950408128519 0.9987045980408904 0.0035494502962379357 0.0 -0.023179247274119855 0.002374996113004267 -0.9997285040896197 0.0 -0.9984418837575011 -0.050827996669617875 0.023028667206899188 0.0 -3.0439447978863505 0.27558683195268513 0.19310177149406826 1.0]
[-0.044927422887392925 0.9987045980408904 0.02388833448947065 0.0 -0.5066560781068546 -0.0021703426402154102 -0.8621455260744584 0.0 -0.8609768551999978 -0.05083714650536095 0.5060972627322877 0.0 -2.689266092587536 0.27168313571341846 1.4388922152901156 1.0]
[-0.03132698212344686 0.9987045980408904 0.04009670863076808 0.0 -0.791162865678056 -0.00026171763402515043 -0.6116054704431332 0.0 -0.6108027015028039 -0.05088278054375086 0.7901461905755244 0.0 -1.870875286673209 0.2735052047330567 2.4088175855069527 1.0]
[-0.012309821553658775 0.9987045980408904 0.04937199758264343 0.0 -0.9717642034907492 -0.00031313504675865503 -0.23595388269836198 0.0 -0.2356327674736834 -0.050882490096554454 0.9705092328743026 0.0 -0.7432201436544946 0.274958406309578 2.958065975426992 1.0]
[0.008835818993974958 0.9987045980408904 0.05011041962196267 0.0 -0.9833754806758829 -0.00041081984011715974 0.1815833010839246 0.0 0.18136866407453622 -0.05088179516332376 0.9820979842219285 0.0 0.5141073569259363 0.2768067892467592 3.0064001682447623 1.0]
[-0.016016185153637976 0.9996760970536633 -0.019778341504766542 0.0 -0.7812957431849091 -0.00016856279585763043 0.6241609834551695 0.0 0.6239554819810985 0.025449411901626275 0.7810453789246797 0.0 1.9349170249001773 0.5907729628784225 2.3577517636528103 1.0]
[-0.022676089425124352 0.9996760970536633 -0.01155404465711242 0.0 -0.399145751250485 0.001543179091390203 0.9168861913329144 0.0 0.916607039154222 0.025403141101971637 0.3989814734985619 0.0 2.7258433341396855 0.5867393316006789 1.3684334930413289 1.0]
[-0.025415091829201562 0.9996760970536633 -0.001331948523043084 0.0 -0.021562484212796565 0.0007838798238233109 0.9997671953044842 0.0 0.9994444118518478 0.025437895195487132 0.021535577682924172 0.0 3.0467798653768434 0.5885147143870212 0.14131088968335123 1.0]
[-0.023759593967148978 0.9996760970536633 0.009120453611032864 0.0 0.3297517519469385 -0.0007758061122184418 0.9440673599975804 0.0 0.9437686495017945 0.025438142707969638 -0.32962651154469963 0.0 2.8496822528531434 0.5903584652110775 -1.0871296595975533 1.0]
[-0.017995846459041426 0.9996760970536633 0.017995846459041336 0.0 0.6943552911308926 -0.00045502699752208113 0.719632213445844 0.0 0.7194073110476122 0.025445902027366026 -0.6941221988103087 0.0 2.1509636774340097 0.5891671684029728 -2.16238768780393 1.0]
[-0.009120453611032977 0.9996760970536632 0.023759593967148936 0.0 0.9350499200089093 0.00010495579870494322 0.3545160589812719 0.0 0.35439873647808257 0.025449753708731693 -0.9347480118293398 0.0 1.1064163309701855 0.5895610954690411 -2.8422787933576426 1.0]
[0.0013319485230429517 0.9996760970536632 0.02541509182920157 0.0 0.995908396682345 0.0009704068494393493 -0.09036328750187889 0.0 -0.09035868154600654 0.025431462602480134 -0.9955845264864084 0.0 -0.16118922407112846 0.5875730123443675 -3.045738086015734 1.0]
[0.011554044657112307 0.9996760970536632 0.02267608942512441 0.0 0.8752668784395521 0.0008544566054941942 -0.4836394952964365 0.0 -0.48350221877334126 0.02543562233294306 -0.8749735044890171 0.0 -1.3979147305714572 0.5865868538296077 -2.710821893335495 1.0]
[0.019778341504766456 0.9996760970536632 0.01601618515363808 0.0 0.6542977702823367 -0.0008291684923310819 -0.7562365637042245 0.0 -0.7559783363370166 0.02543645924978769 -0.6541022408843672 0.0 -2.3587518363028597 0.5907570490990506 -1.9336820380283033 1.0]
[0.024582783425654748 0.9996760970536633 0.0065869369666134376 0.0 0.28021117290872505 -0.0005655012230892191 -0.9599382161292899 0.0 -0.9596235643918734 0.02544368660240628 -0.2801343132783176 0.0 -2.95047245991352 0.5920745493170009 -0.7729819539966467 1.0]
[0.02513663876467096 0.9996760970536633 -0.003981252462382387 0.0 -0.20093126800591302 0.0011510560442785944 -0.9796046654684321 0.0 -0.9792827859863311 0.025423926713584476 0.20089511945617766 0.0 -3.0153424342469575 0.5919462034372472 0.4588594640833073 1.0]
[0.021344140902081397 0.9996760970536633 -0.013861047172089136 0.0 -0.508611432988263 -0.0010787745320414235 -0.8609954973628693 0.0 -0.8607315713291674 0.0254270962766849 0.5084236667309641 0.0 -2.557734773753164 0.585093855911936 1.6614731344361062 1.0]
[0.013861047172089247 0.9996760970536633 -0.021344140902081327 0.0 -0.8317724258937196 -0.000319355264919488 -0.5551166810095799 0.0 -0.5549436934448125 0.025447966358228956 0.8314985857558992 0.0 -1.6497446597911738 0.5828290759313212 2.565351334244207 1.0]
[0.003981252462382517 0.9996760970536633 -0.025136638764670934 0.0 -0.9844239086571489 -0.0005002059327911885 -0.17581046003638712 0.0 -0.17576608800622504 0.02544505401015264 0.9841030594065889 0.0 -0.46086196502434734 0.5903800193338977 3.0150252692561614 1.0]
[-0.006586936966613324 0.9996760970536633 -0.024582783425654783 0.0 -0.9512386520463467 0.0013173124636159444 0.3084530621357526 0.0 0.3083855364871172 0.025415854646814194 0.9509218659901164 0.0 0.7957940369298044 0.5859013954068567 2.944359980713909 1.0]
[-0.0706016577919379 0.9948217482960331 -0.07311015684741995 0.0 -0.7499053384597631 -0.004603901924559523 0.6615291281845549 0.0 0.6577669718574948 0.10153075004299579 0.7463471829712554 0.0 2.117612295485946 0.9036430896032274 2.1950445294566507 1.0]
[-0.09423440354872703 0.9948217482960331 -0.03807317040961935 0.0 -0.35777422983960316 0.0018478936829015974 0.9338062892011467 0.0 0.9290411603640037 0.10161827791377369 0.3557474496652711 0.0 2.8305742842737955 0.9004720302029936 1.1359576471654307 1.0]
[-0.10157316483926083 0.9948217482960331 0.00354701307589906 0.0 0.05454672450832567 0.0020091622065051295 0.9985091978107367 0.0 0.9933315393311285 0.10161521728782655 -0.054468344803184784 0.0 3.04840260405595 0.8979053899571832 -0.09898138287797921 1.0]
[-0.09134900316585272 0.994821748296033 0.04455388577699236 0.0 0.4312270773517042 -0.0008104676757285089 0.9022430664188303 0.0 0.897607134207005 0.10163184667893646 -0.4289200395893351 0.0 2.7399446178477915 0.8977125901316307 -1.3398557240619766 1.0]
[-0.06532976896542783 0.9948217482960331 0.07785698686789821 0.0 0.7305189210920819 -0.005469935675072066 0.6828705482960671 0.0 0.6797603454257864 0.10148777719969447 -0.7263787606102485 0.0 1.9533364595299303 0.9026339602018857 -2.342448329706751 1.0]
[-0.028014424208561556 0.9948217482960331 0.09769790762082377 0.0 0.9667063984524924 0.0020936657985545708 0.2558795727574499 0.0 0.2543500171560322 0.10161351131000354 -0.9617592022393017 0.0 0.8261402521260637 0.9002313616291255 -2.936021374091119 1.0]
[0.014144868997019179 0.994821748296033 0.10064597258848174 0.0 0.9886729070386099 0.001126335079483025 -0.15008202509665447 0.0 -0.14941822368399799 0.101628836884582 -0.9835373780109252 0.0 -0.40515959018766423 0.8976463077151771 -3.0230326291891316 1.0]
[0.05385838585091456 0.9948217482960331 0.08619143455563469 0.0 0.8687428174627491 -0.004124453546826047 -0.49524630840605444 0.0 -0.4923263057977085 0.10155135646639254 -0.8644663848984627 0.0 -1.5994352757761547 0.9032008455411304 -2.597056046059232 1.0]
[0.08425929850311192 0.9948217482960331 0.05683361446351737 0.0 0.574546097774116 -0.0019041021245122596 -0.8184700091803213 0.0 -0.8141235484545939 0.10161724023178194 -0.5717313917735993 0.0 -2.5316590830957044 0.8969212790791304 -1.700950590234328 1.0]
[0.1000910129724252 0.9948217482960331 0.017648746113479597 0.0 0.22169413469316557 -0.005006161258443091 -0.9751034042562373 0.0 -0.9699657209225501 0.10151171098291425 -0.22104721841389213 0.0 -3.0028049147414575 0.8984884874171847 -0.5344970527561471 1.0]
[0.09861608200049947 0.9948217482960331 -0.024587750773403777 0.0 -0.1994953234052018 -0.004442818162429624 -0.9798887065918402 0.0 -0.9749238351329425 0.10153792633297096 0.1980241530866259 0.0 -2.9580777065918897 0.8958695751088764 0.7431730925219954 1.0]
[0.08008953455170785 0.9948217482960331 -0.06257280217886241 0.0 -0.5845278383864616 -0.003975336543753276 -0.8113639151765467 0.0 -0.8074112165473932 0.10155730311793511 0.5811826232578453 0.0 -2.395469667280094 0.9013557230058732 1.8879598429148736 1.0]
[0.04771477898834625 0.9948217482960331 -0.08973844763153374 0.0 -0.8893705798477786 0.001416398519837025 -0.4571848264285015 0.0 -0.4546903029176226 0.10162520815455807 0.8848327782695571 0.0 -1.444706525040411 0.8979990889495331 2.686174569254702 1.0]
[0.007089704662740837 0.9948217482960331 -0.10138750024050974 0.0 -0.9970688795354288 -0.0006914107456910283 -0.07650602207111015 0.0 -0.07617995503910174 0.10163272636510838 0.9919009040130146 0.0 -0.20282537807468387 0.903592333933905 3.043264857077575 1.0]
[-0.03476124400699739 0.9948217482960331 -0.09550573298137782 0.0 -0.9569798249597868 -0.005588473091926421 0.2901006438952468 0.0 0.2880646985227832 0.10148131890020481 0.9522186048273018 0.0 1.0375451416771964 0.898921503521252 2.868106657773523 1.0]
[-0.13375558185797226 0.9841698416280552 -0.11627195341802804 0.0 -0.6306383811560723 0.005976497561380552 0.7760538085015415 0.0 0.764463652853871 0.17712708518661852 0.6198558857981497 0.0 2.312560579012613 1.2141415089456336 1.9886752845718978 1.0]
[-0.16948386825780815 0.9841698416280552 -0.05181641853870958 0.0 -0.25049484121516424 0.007831908213276464 0.968086254286429 0.0 0.9531671169973079 0.17705474871786867 0.24520208610754685 0.0 2.912125957003456 1.215984345483632 0.9067912286710801 1.0]
[-0.17590685412326304 0.9841698416280552 0.02159864584333606 0.0 0.08236178278735386 -0.007149892231467073 0.9965768489068805 0.0 0.9809553075489963 0.1770836013607336 -0.07980026767227662 0.0 3.02711180997847 1.209936393289477 -0.37295534010362863 1.0]
[-0.15191394684720497 0.9841698416280552 0.09127910814153142 0.0 0.5262898154886443 0.0023735333398236186 0.8503019442835665 0.0 0.8366248758351819 0.17721198934974333 -0.5183191371775435 0.0 2.6238250870644997 1.2101959273925897 -1.5551140228735787 1.0]
[-0.10165373806638416 0.9841698416280552 0.14517658339739148 0.0 0.8167892810468453 -0.0007395677291489126 0.5769356319439385 0.0 0.5679100174359567 0.17722634078878569 -0.8037841975471456 0.0 1.75288917009158 1.2120162579845974 -2.495976285178154 1.0]
[-0.03381667447866709 0.9841698416280552 0.17397170849598698 0.0 0.9704563604654801 -0.009273500530320004 0.24109843346651622 0.0 0.2388951338125117 0.1769850982928307 -0.9547802836375389 0.0 0.5648856122800641 1.2149980891090533 -2.997283279670955 1.0]
[0.03986759934125465 0.9841698416280552 0.1726855447122717 0.0 0.9806146340114681 -0.005355073807225727 -0.19587307815795826 0.0 -0.19184763247254227 0.1771469616288351 -0.9653048429902092 0.0 -0.68108408161919 1.2107460011533369 -2.9729868788420064 1.0]
[0.10665840304930377 0.9841698416280552 0.14154048144888118 0.0 0.7784051975500398 0.005920069730472867 -0.6277342600188952 0.0 -0.6186350567871627 0.17712898013649586 -0.7654514948118849 0.0 -1.8459855312094755 1.2142871840290215 -2.4279638839024305 1.0]
[0.1550069999089557 0.9841698416280552 0.08592178308807269 0.0 0.44819588596033355 0.007450293116745253 -0.8939043242655819 0.0 -0.880393819712211 0.17707121720450048 -0.4399460265194584 0.0 -2.665962593414992 1.2130469786319575 -1.4816054535754077 1.0]
[0.17655347828996326 0.9841698416280551 0.015446427856442199 0.0 0.06257780587574137 0.0044379255887524215 -0.9980302215004547 0.0 -0.9822997951315543 0.1771723106082818 -0.06080365809907329 0.0 -3.037808269726063 1.2155495951801132 -0.2725179905632212 1.0]
[0.16757225633663936 0.9841698416280552 -0.057699755077958874 0.0 -0.31445762025245405 -0.002111653129423081 -0.9492691641395629 0.0 -0.9343639248020074 0.17721530337662658 0.3091258518430951 0.0 -2.88906317295603 1.2134027985346958 0.977789441418059 1.0]
[0.12961626891655348 0.9841698416280552 -0.12086912617356216 0.0 -0.6677632565249708 -0.0034728151465444413 -0.7443656176840275 0.0 -0.733001948201584 0.17719385538095483 0.6567423250772828 0.0 -2.2181994066667117 1.212008779959486 2.093423879896158 1.0]
[0.06924845107395933 0.9841698416280552 -0.16313912729221725 0.0 -0.9418364571267398 0.01058914637492717 -0.33590468589467637 0.0 -0.32885975742071005 0.17691125687434128 0.9276603188346112 0.0 -1.1762149749910504 1.2174975431734711 2.8141255157538425 1.0]
[-0.003093053061750701 0.9841698416280552 -0.17720089122960414 0.0 -0.9978516332622188 0.008558771612576564 0.06495279381524884 0.0 0.06544120276003237 0.17702110116676079 0.982029011141233 0.0 0.06718858121703954 1.2086018734656794 3.04929181948634 1.0]
[-0.07489974022357909 0.9841698416280552 -0.16062301125383366 0.0 -0.8862375346091481 0.008144031088099135 0.46315948333974016 0.0 0.45713571416411924 0.17704066647932862 0.871598268268252 0.0 1.2954896952709696 1.216526878585781 2.761205886869861 1.0]
[-0.2037006515650725 0.9677824535432009 -0.14799718634442702 0.0 -0.5594940369172958 0.008977905339555845 0.8287857502815198 0.0 0.8034130115986127 0.2516277405804378 0.5396397066232538 0.0 2.46427740927381 1.5288730623514721 1.7971830577974288 1.0]
[-0.24628568371450602 0.9677824535432009 -0.052349638118906056 0.0 -0.2197155925615615 -0.003143939392804913 0.9755589034140462 0.0 0.943964205032479 0.25176822329078086 0.21341120251384013 0.0 2.9820033012260567 1.5265512579748612 0.6404672339573434 1.0]
[-0.24628568371450604 0.9677824535432009 0.0523496381189059 0.0 0.1617252376079664 -0.012219612918532493 0.9867601677108618 0.0 0.9556088684801566 0.25149116023038137 -0.15350533152972748 0.0 2.981417985558645 1.5239525037173245 -0.6432209276697981 1.0]
[-0.20370065156507255 0.9677824535432008 0.14799718634442688 0.0 0.5695394084195716 -0.005817183617315706 0.8219434424775508 0.0 0.7963233682424806 0.2517206447406818 -0.5500052819767153 0.0 2.468262264374366 1.5287669594420958 -1.7916983752813256 1.0]
[-0.1258939261977143 0.9677824535432009 0.21805467653876764 0.0 0.8373348867935545 -0.014210549814520617 0.5465055787751799 0.0 0.531997186745334 0.2513865208953558 -0.8085689892688064 0.0 1.542215949615114 1.5255791689697284 -2.6314378483978964 1.0]
[-0.026318997280357036 0.9677824535432009 0.25040853219500864 0.0 0.9935869299829759 -0.002230027647107768 0.11304883698516258 0.0 0.10996509877757256 0.25177797677834185 -0.9615173048158018 0.0 0.326068529361271 1.5209121807214612 -3.0325290692460047 1.0]
[0.07780672536735815 0.9677824535432009 0.23946447774463467 0.0 0.950698024439397 0.00030125102048241345 -0.31011800266164885 0.0 -0.3001989004220973 0.25178767217980463 -0.9200454273152162 0.0 -0.9394515396702291 1.524554360243447 -2.901713475031528 1.0]
[0.16847895834714774 0.9677824535432009 0.18711483962572872 0.0 0.7214688376904336 0.00827203238397088 -0.6923974940176008 0.0 -0.671637965600423 0.2516519344136672 -0.6968312184955437 0.0 -2.0443904563992947 1.5267735872802815 -2.2634023902336153 1.0]
[0.23001964884542941 0.9677824535432009 0.10241134585058172 0.0 0.4435358332913994 -0.010582446798508133 -0.8961941622250509 0.0 -0.8662372225502257 0.25156536811266145 -0.43168036767359697 0.0 -2.7925942494675637 1.5276029176877792 -1.2264402946038337 1.0]
[0.25178785239542856 0.9677824535432009 1.0737515645201741e-16 0.0 0.05794693182434316 -0.015076046753625373 -0.9982058234184108 0.0 -0.9660460809289808 0.25133610052713207 -0.059875989290971834 0.0 -3.05 1.5205877222371125 0.016056690790986407 1.0]
[0.2300196488454295 0.9677824535432009 -0.10241134585058152 0.0 -0.36881724896623663 -0.010694581648151688 -0.9294404030320331 0.0 -0.9005913601684186 0.251560625967724 0.35447489819834144 0.0 -2.79315639213616 1.5250203591538334 1.2251777014979854 1.0]
[0.16847895834714782 0.9677824535432009 -0.18711483962572864 0.0 -0.7497569794554734 0.0025861652119095555 -0.6617082314036161 0.0 -0.6399057058286516 0.2517745705256963 0.7260373635595734 0.0 -2.0508530767978663 1.5203682783997403 2.257583420689979 1.0]
[0.07780672536735835 0.9677824535432009 -0.23946447774463459 0.0 -0.9552191767459555 0.00358586465550131 -0.2958774509006244 0.0 -0.2854863181737217 0.25176231685574896 0.9247233629291725 0.0 -0.949588911544607 1.5225686436509898 2.898419643241505 1.0]
[-0.02631899728035685 0.9677824535432009 -0.25040853219500864 0.0 -0.9900802665224704 0.009348425622862935 0.14019155745324896 0.0 0.1380158549767032 0.25161424751447586 0.957936268351279 0.0 0.3018823578431676 1.524792902646956 3.035071138307419 1.0]
[-0.1258939261977142 0.9677824535432009 -0.2180546765387677 0.0 -0.8810586022483224 -0.008052904776350615 0.47293856908576987 0.0 0.45594567521883234 0.2516590418374932 0.8536868675988157 0.0 1.520277033559468 1.5296393334270322 2.6441042874883522 1.0]
[-0.27847691373582645 0.9457550854029796 -0.16732581077219327 0.0 -0.4822733362160663 0.012966192013510942 0.875924829559988 0.0 0.8305799405783855 0.3246216201966091 0.452501675145777 0.0 2.605938422397052 1.8340583915252198 1.5848824318872952 1.0]
[-0.3224588581751131 0.9457550854029796 -0.03959296931028332 0.0 -0.15057391349916094 -0.009954285729591011 0.9885486375334097 0.0 0.9345307813860115 0.32472793324568866 0.14561589203117253 0.0 3.0281079406173923 1.8356889834475836 0.3648425070927228 1.0]
[-0.31068473658916207 0.9457550854029796 0.09498585623620882 0.0 0.3318393920124092 0.014278676739243925 0.94322782894665 0.0 0.8907062435839088 0.3245665383630588 -0.3182749594543427 0.0 2.911141735438612 1.8334183402435744 -0.9100104723536203 1.0]
[-0.24519040156472088 0.9457550854029796 0.2131407643200467 0.0 0.6843297496092017 0.013110994423560852 0.7290547960373299 0.0 0.6867127935173033 0.32461580408173 -0.6504230307730758 0.0 2.3089558937354204 1.839486227319675 -1.992822000632755 1.0]
[-0.1373004186248699 0.9457550854029796 0.29444169792989283 0.0 0.9061957373867934 -9.104774472884944e-05 0.42285846006945865 0.0 0.39994734726891396 0.32488045515960323 -0.8570267261105968 0.0 1.294637860281973 1.8358166960218838 -2.7616031040487146 1.0]
[-0.0056699459696340215 0.9457550854029796 0.32483098704881 0.0 0.9972851828790176 -0.01850102136487137 0.0712739518928285 0.0 0.07341740749077218 0.3243532497800189 -0.9430826335133494 0.0 0.05417088699072457 1.8406137190150789 -3.049519044184276 1.0]
[0.12694091185359352 0.9457550854029796 0.29905404751011305 0.0 0.9194178630662658 0.0009521605753475872 -0.39328092563064904 0.0 -0.37223218288111454 0.3248790726172456 -0.8694232514735954 0.0 -1.1807822543060662 1.8381021080223867 -2.8121868207060228 1.0]
[0.23760253279535445 0.9457550854029796 0.22156794633618668 0.0 0.6501806744498579 0.01462013626990602 -0.759638955153945 0.0 -0.7216717584755278 0.32455133653992574 -0.6114378978841493 0.0 -2.227442873972832 1.8325314731705828 -2.083511474784939 1.0]
[0.3071805172655528 0.9457550854029796 0.10577073435913265 0.0 0.2950962723043831 0.011002822249996316 -0.9554041699587628 0.0 -0.9047421289431177 0.324694096553876 -0.27570894758519804 0.0 -2.8831111676710512 1.8391293171443879 -0.9950753199106793 1.0]
[0.32364419965314606 0.9457550854029796 -0.028315198485570917 0.0 -0.13768906265199538 0.017468706678221178 -0.9903214459522751 0.0 -0.9361069137961162 0.32441048491285396 0.13587377679934254 0.0 -3.039871882496156 1.8377672918540406 0.2489307886684083 1.0]
[0.28414685970546044 0.9457550854029796 -0.15750517627661684 0.0 -0.507972075943392 0.009173170806938084 -0.861324690810096 0.0 -0.813157384631835 0.3247509374455284 0.48302370174450476 0.0 -2.670967007981554 1.834436822471391 1.472577250710153 1.0]
[0.19551794632151956 0.9457550854029796 -0.2594610781998297 0.0 -0.8019693935441006 0.0019108568304446755 -0.5973620681334573 0.0 -0.5644624207905458 0.3248748483040451 0.7588402390850795 0.0 -1.8206184088759894 1.8401312926307232 2.4470793816762817 1.0]
[0.07308220379380774 0.9457550854029796 -0.31655380257239546 0.0 -0.9786636653585808 0.0068913818192599475 -0.2053532053889806 0.0 -0.19203234518056594 0.3248073695146462 0.9260797757825336 0.0 -0.6840425408044133 1.8416368378153762 2.972303864721395 1.0]
[-0.06199011570083192 0.9457550854029796 -0.3189114986791794 0.0 -0.9901405698185908 -0.018059081020231363 0.13890832081636073 0.0 0.12561400222393102 0.3243781559031179 0.9375499636916311 0.0 0.5969567626364723 1.8394997749915383 2.991049279550274 1.0]
[-0.18634378102827617 0.9457550854029796 -0.2661264994443218 0.0 -0.7887108781922961 0.0175175082491579 0.6145146764121078 0.0 0.5858422534208527 0.3244078533869725 0.742663045241672 0.0 1.7601988927980612 1.8327606406085668 2.4908579622368534 1.0]
[1.0 0.0 0.0 0.0 0.0 0.9999025240063992 -0.013962180547184469 0.0 0.0 0.013962180547184469 0.9999025240063992 0.0 0.0 0.5555309606339259 3.7599502424103903 1.0]
[0.9372871585055003 -2.306327394214139e-14 0.34855814788363243 0.0 0.004866631791966512 0.9999025240063992 -0.013086572531607018 0.0 -0.34852417183183954 0.013962180547188473 0.9371957955084358 0.0 -1.3620024767435108 0.5549736026021574 3.555652874510531 1.0]
[0.7095707283266053 4.999841100198185e-18 0.7046342182310272 0.0 0.01475674588223565 0.9997806834683095 -0.014860128350955976 0.0 -0.7044796802981743 0.020942420195377717 0.7094151077354797 0.0 -2.5276842087443403 0.5365526375460185 2.4552537769685014 1.0]
[0.3875155703712311 5.255467927738779e-15 0.9218631583482766 0.0 0.012871219858030976 0.9999025240063784 -0.0054105623589518394 0.0 -0.9217732988209334 0.013962180548677827 0.3874777969059652 0.0 -3.2471182110124897 0.5371037915311102 1.2645711001049507 1.0]
[-0.05582152919390159 4.257846855848318e-18 0.9984407628289496 0.0 0.01394041019628637 0.9999025240063992 0.0007793902690251752 0.0 -0.9983434388235413 0.01396218054718446 -0.05581608793487912 0.0 -3.5876330860341916 0.537108914718452 -0.269375556971876 1.0]
[-0.4725508034007691 -4.808467910672173e-16 0.881303431404467 0.0 0.012304917626121986 0.9999025240063993 0.006597839634798947 0.0 -0.8812175254768271 0.013962180547184292 -0.4725047410416807 0.0 -3.2345628449137953 0.5365452259399477 -1.7791747600797798 1.0]
[-0.7922896071731425 8.09555099759536e-16 0.6101452108846108 0.0 0.010648502364780238 0.9998476951518523 0.013827360446444172 0.0 -0.6100522828109188 0.017452406697318845 -0.792168937624833 0.0 -2.226705702026469 0.5460526218172197 -2.9740161630637694 1.0]
[-0.9711343383518735 3.289037933913513e-16 0.23853321964426621 0.0 0.004162978760052809 0.9998476951518525 0.01694863143064794 0.0 -0.23849688987847012 0.017452406697318307 -0.9709864298839398 0.0 -0.8703038102852085 0.5418963173329369 -3.4384429085139647 1.0]
[-0.9835714618758686 -1.0579507685655215e-18 -0.18051919394725727 0.0 -0.004410477172200887 0.9997014897722871 0.024030793540432166 0.0 0.18046530712156553 0.024432178516648518 -0.9832778557348123 0.0 0.6248548398330704 0.5406592623423025 -3.600223417010197 1.0]
[-0.8090169613565308 -1.3939995098600895e-18 -0.5877852977384224 0.0 -0.014360875323806536 0.9997014897722873 0.019766046822859294 0.0 0.5876098378153484 0.02443217851664852 -0.8087754615191727 0.0 1.90584485947895 0.533761777222536 -2.8565859816340655 1.0]
[-0.509041362159019 -2.7517602370842308e-18 -0.8607420586977789 0.0 -0.021029803634891694 0.9997014897722872 0.012436989432627079 0.0 0.860485118389835 0.02443217851664852 -0.5088894081060857 0.0 2.829518192775495 0.5327551166568835 -1.786066322237407 1.0]
[-0.0558214466393839 6.849341535810308e-16 -0.9984407674444622 0.0 -0.01742519433662319 0.9998476951518522 0.0009742185891838561 0.0 0.998288700074992 0.017452406697318172 -0.05581294476243012 0.0 3.4512680507479185 0.55048920808622 -0.3105579847488178 1.0]
[0.3189603025546188 2.0696137074792304e-14 -0.9477680757410983 0.0 -0.01654083391258061 0.9998476951518522 -0.005566624920465171 0.0 0.9476237260682431 0.0174524066973242 0.31891172335417345 0.0 2.9479627348648845 0.5435026853664906 0.9490807180340562 1.0]
[0.6347291806735804 5.390075587422873e-13 -0.7727346680462281 0.0 -0.02696805145560103 0.9993908269984944 -0.022151729321938297 0.0 0.772263938949115 0.03489949729244678 0.634342520793461 0.0 2.496909774519228 0.6240866007895348 2.051460996108322 1.0]
[0.8862036235765476 7.087417954834718e-16 -0.4632959502950534 0.0 -0.01616879573044094 0.9993908270009428 -0.03092806089943078 0.0 0.46301372291156107 0.03489949722233294 0.8856637722573981 0.0 1.5457652885422357 0.6227252814949936 3.0235911548779337 1.0]
[0.7660444966667954 2.519498757542412e-13 -0.6427875458707302 0.0 -0.16202704645350463 0.9677091695584321 -0.19309634737633846 0.0 0.6220314022170184 0.2520693617886349 0.7413082837142726 0.0 2.219759942233991 1.5513120266006375 2.703507800465186 1.0]
[0.9606305690319281 9.988196417232126e-05 -0.2778169388459017 0.0 -0.053437802956956985 0.9813937156913317 -0.18441851604795187 0.0 0.27262910243878014 0.1920053767908605 0.9427622449643078 0.0 1.027011095877557 1.6898633030794952 3.8740866510044496 1.0]
[0.9947254523200154 -5.865718255892763e-05 0.10203527960383556 0.0 0.02088549355371264 0.9789476832428863 -0.20302885322669204 0.0 -0.09987491510035726 0.20411123933082528 0.9737853883423213 0.0 -0.38403606935572077 1.689863357317551 4.05230848007582 1.0]
[0.8887819584204462 -2.8483146249393445e-07 0.4583121504360784 0.0 0.09372323392772763 0.9788674070349164 -0.1817521949171604 0.0 -0.4486267743454012 0.20449596312811802 0.8699997177035332 0.0 -2.0016647306592645 1.6898633573932575 3.5237983707940526 1.0]
[0.43854398800869815 -6.3728797121555175e-06 0.8986968542245483 0.0 0.2295052197619183 0.9668427540053689 -0.11198634249864033 0.0 -0.8688978012868712 0.2553724256845409 0.4240045789725135 0.0 -4.093972189901697 1.7576077523355191 1.8365780625171588 1.0]
[0.1410805229039403 3.940869140125026e-06 0.9899977356079682 0.0 0.24625379114490728 0.9685696970082529 -0.035096493258947196 0.0 -0.9588819459678896 0.24874231816022002 0.1366453439158359 0.0 -4.29090864562226 1.6964601279249107 0.48777069942848617 1.0]
[-0.08605139604223382 6.487708675011839e-06 0.9962905725617146 0.0 0.2310046998509061 0.9727481542880962 0.019945928854930642 0.0 -0.969139685909178 0.23186423885722318 -0.08370784159158824 0.0 -4.04725390622877 1.636794298950172 -0.4220455862653231 1.0]
[-0.4782970256731162 -2.312658746874149e-06 0.8781980521943236 0.0 0.19946871287070128 0.9738629525172772 0.1086403128980038 0.0 -0.8552448162603438 0.22713539564206398 -0.4657952588485263 0.0 -3.146470095606544 1.508949296289493 -1.664631691129335 1.0]
[-0.6632635919498229 -2.389231002261665e-05 0.7483849850649511 0.0 0.21889014227774173 0.9562622157245287 0.19402689839998238 0.0 -0.7156573687754831 0.29250551243486617 -0.6342481904484571 0.0 -2.8038238054700155 1.5660516143117686 -2.562273563218902 1.0]
[-0.8491738809875646 1.8229891429630478e-06 0.5281088711078077 0.0 0.12240236950055786 0.972770139513138 0.19681377247678486 0.0 -0.5137281768063796 0.23177198964425266 -0.8260512207754661 0.0 -2.267632341531932 1.7592779084385188 -3.7831301913962534 1.0]
[-0.9892536069639943 3.517135560625284e-10 0.14620977339259705 0.0 0.034875923622365836 0.97113427906067 0.23597008666058997 0.0 -0.14198932279224902 0.2385334610349148 -0.9606980884193972 0.0 -0.5661833741886537 1.760323010413516 -4.383538538715898 1.0]
[-0.9593171431012814 2.340198740782228e-08 -0.2823306907263346 0.0 -0.07021288646856559 0.9685830514580633 0.23857288823390504 0.0 0.27346072752729983 0.24869031430304572 -0.9291783241378916 0.0 0.9981070565567529 1.6563103572329274 -3.863116341970776 1.0]
[-0.93969266663368 -1.34807321864782e-07 0.3420200173597905 0.0 0.054786280566335686 0.9870870223379218 0.15052452058552573 0.0 -0.33760354082470234 0.16018479277315062 -0.9275584288283569 0.0 -1.1164687966257127 0.9078887128468551 -2.9758756429642075 1.0]
[-0.8498927625907029 4.073756796714793e-08 0.5269556832371736 0.0 -0.02794420006439994 0.9985927940564614 -0.04506947135385314 0.0 -0.5262141499184989 -0.05302957255488051 -0.8486967872962996 0.0 -1.3487139207271701 0.03175237580454258 -2.2420078260538743 1.0]
[-0.8498927626346235 -7.409803588157644e-11 0.5269556831663242 0.0 0.022066202798600852 0.9991228627766715 0.03558915242872985 0.0 -0.5264934707242116 0.04187487404810129 -0.8491472900550443 0.0 -1.3520576953373462 1.105938556455532 -2.2474007840043306 1.0]
[-0.9982392487209737 1.0905243791353697e-07 0.05931612139490765 0.0 -0.0022765756365236006 0.9992631310795734 -0.0383146453802815 0.0 -0.05927241736773557 -0.0383822204577672 -0.9975036769951073 0.0 -0.2690375444812725 0.5286867204492508 -2.8258929279827076 1.0]
[-0.9975640403906385 8.278508742736834e-15 -0.06975661487991869 0.0 -0.017819031600929895 0.9668233876882271 0.25482350584642954 0.0 0.06744232671186808 0.2554457614035908 -0.9644682449664324 0.0 0.10714905914940916 1.2150385708053466 -2.8277916681702107 1.0]
[-0.9975640403980426 1.6249453895824345e-08 -0.06975661477406461 0.0 -0.025444195017551408 0.9311027637764693 0.3638684187723487 0.0 0.0649505827193039 0.3647569509138657 -0.9288346346452676 0.0 0.08962556751406645 1.9894182309899122 -2.577194572144318 1.0]
[-0.9037300771930874 -7.205653246335823e-07 -0.42793097852755624 0.0 -0.1616904659351619 0.9258705098516997 0.3414660101173298 0.0 0.3962084244557665 0.37784095620010294 -0.8367371308377431 0.0 0.9823350343475343 2.08752751560096 -2.2844624375238016 1.0]
[-0.6185425212512408 -3.334946619143719e-05 -0.7855777038572616 0.0 -0.3871518969245312 0.8701480310806182 0.30477901222627696 0.0 0.6835533091570807 0.49278867125003545 -0.5382421625934617 0.0 1.8747375334487542 2.0875275399160933 -1.511783142512821 1.0]
[0.04451137623207288 -3.5213912049725367e-06 -0.9990086809401701 0.0 -0.49607780134517643 0.8679964883515767 -0.022106283186480245 0.0 0.8671361108253534 0.4965702114372481 0.03863385659048016 0.0 2.3419227853538738 2.0875275399161075 -0.08043578807400048 1.0]
