[-0.00858381154766027 0.9996141225274716 -0.026418255486449046 0.0 -0.9651516516660059 -0.0013718790301121553 0.2616876138343336 0.0 0.26155039182860124 0.027743900078391635 0.9647909973371152 0.0 1.3770622482522543 0.15281369055543076 4.284145361676276 1.0]
[-0.03371710665126567 0.9983533892844569 -0.04640761600540052 0.0 -0.8213421756402407 -0.0012227892873439587 0.5704345144720073 0.0 0.5694384841522596 0.05734993365816814 0.8200309737295175 0.0 2.649006337058083 0.1515638002838379 3.6376901379206528 1.0]
[0.02718443694017914 0.9994352996723276 0.01975064953691999 0.0 -0.623961818971085 0.0015287030720455008 0.7814533329209189 0.0 0.7809818530891357 -0.03356702006139855 0.6236510244597193 0.0 3.6493637113959014 0.14518445937069413 2.63293904157946 1.0]
[-0.04369945250322247 0.9989438180223426 -0.014198812832891428 0.0 -0.26002609098649654 0.002349839705821955 0.965598731492352 0.0 0.9646122484486711 0.045888197701607555 0.2596487694068611 0.0 4.278190225015483 0.14931445034356375 1.3953902743148079 1.0]
[-0.04806277313680712 0.9988443171177377 -6.414930939137433e-17 0.0 -0.029119585455659326 -0.0014011873578374532 0.9995749528759106 0.0 0.9984197612133338 0.04804234419330956 0.02915327739931155 0.0 4.5 0.1464645867558231 0.006842870452695875 1.0]
[-0.029348233232506894 0.9995237612791489 0.00953581902687856 0.0 0.2515066414460217 -0.0018488836814689962 0.9678538065935758 0.0 0.967410507754941 0.030803121067765175 -0.2513326027753104 0.0 4.2826793242667325 0.1516736962721953 -1.3815742474524932 1.0]
[0.04355501168662618 0.9985497394993422 -0.03164456829810449 0.0 0.5894062077377439 -0.00010810395684992107 0.8078368093827775 0.0 0.8066618146641064 -0.05383684666963747 -0.5885561236649234 0.0 3.6322584658022583 0.15296205631923693 -2.6564823923597687 1.0]
[0.0288309764060899 0.9987963151602762 -0.0396824346748732 0.0 0.8413536757113842 -0.0028129652453966715 0.5404776402345163 0.0 0.5397154501831631 -0.04896946036850194 -0.8404220515817057 0.0 2.6407211543678395 0.1521685260946276 -3.643709675497409 1.0]
[-0.007566368138444138 0.999700190548681 0.023286886655896687 0.0 0.9521038917877602 8.345259515506716e-05 0.30577470836919346 0.0 0.30568109087052553 0.02448513942364641 -0.9518190734754217 0.0 1.3903873629727552 0.15080412932841333 -4.279815769449023 1.0]
[-6.2315637500734e-17 0.9999530371912991 0.009691409180110511 0.0 0.9983087731112233 -0.000563403013021556 0.05813154140575375 0.0 0.05813427155442773 0.009675018808314974 -0.9982618897272874 0.0 -0.009113640026498612 0.15240085029005937 -4.5 1.0]
[-0.010924643994421597 0.9993748911827393 -0.03362259697113167 0.0 0.9621360513880942 0.0013474483529064766 -0.2725663277117385 0.0 -0.2723506393840883 -0.03532720278233551 -0.9615493320525235 0.0 -1.3957997890799752 0.14695134944528745 -4.278057165602382 1.0]
[-0.0037935036297355243 0.9999791734101597 -0.005221309811209647 0.0 0.8104233256630133 1.546737851052251e-05 -0.5858447174653552 0.0 -0.5858324355577392 -0.006453875323683647 -0.8104065059843695 0.0 -2.648963229463522 0.1516814520363224 -3.6377214574213816 1.0]
[-0.005080090940225729 0.9999802847644659 -0.0036909021142086567 0.0 0.5925163496836602 3.680037631754558e-05 -0.8055584237057438 0.0 -0.8055424061050973 -0.006279229897840685 -0.5925048550335268 0.0 -3.6339929119631162 0.14546340798047372 -2.6540951320219333 1.0]
[0.003714134071649567 0.9999923743975085 0.0012067953143287298 0.0 0.366066177423799 -0.00023659047375357292 -0.9305887909121168 0.0 -0.9305814090956392 0.0038980984826711374 -0.366064264677384 0.0 -4.284364395693565 0.1521048508184133 -1.376388130863164 1.0]
[-0.000647118020942884 0.9999997906191116 6.103215031108702e-17 0.0 -0.05151909608806609 -3.3338942481752044e-05 -0.998672009033388 0.0 -0.9986717999305555 -0.0006462586540567432 0.051519106875182456 0.0 -4.5 0.1498537600308466 0.0049526659141010424 1.0]
[-0.007769414936541965 0.9999666311506216 0.002524435941088683 0.0 -0.34899011037707645 -0.00034574509100058576 -0.9371263433066686 0.0 -0.937094199667536 -0.008161926586834182 0.34898115121572293 0.0 -4.276647579595122 0.15303021626831714 1.4001380487287534 1.0]
[0.005741118514747648 0.9999748201460205 -0.004171166759283061 0.0 -0.5853749212787375 -2.112027382536523e-05 -0.8107627279863364 0.0 -0.8107424011954177 0.0070963813220654755 0.5853600603697011 0.0 -3.632657594503098 0.15468801557497072 2.6559330388319924 1.0]
[0.020421185807104936 0.9993962937660898 -0.02810735093948165 0.0 -0.8206378876886403 0.0006969262349154304 -0.5714481355151576 0.0 -0.5710835599631271 0.03473560565797825 0.8201566955401969 0.0 -2.656241006487385 0.1544574533266739 3.6324338429042053 1.0]
[-0.00461673386195328 0.9998883910064212 0.014208845802453327 0.0 -0.9670401094237778 -0.00084676691170648 -0.2546226811410269 0.0 -0.2545822313793633 -0.014916048953635163 0.9669360883478892 0.0 -1.403607352458218 0.14649886994388306 4.275520334481204 1.0]
[6.117529759366266e-17 0.9998454247056303 -0.017581999181485262 0.0 -0.9990684275050616 0.0007587355170563543 0.04314743889245877 0.0 0.04315410945163052 0.017565620274641758 0.9989139962087846 0.0 0.014299778896309841 0.1538410154462363 4.5 1.0]
[0.010366167803406693 0.9994371871868959 0.03190378399214074 0.0 -0.9616657095930193 0.0012207634347192965 0.2742217583081092 0.0 0.2740284758159746 -0.033523403833471535 0.9611371264483501 0.0 1.391366487082933 0.3490084409295199 4.279497632740569 1.0]
[-0.018938238899218904 0.9994808120908614 -0.026066249626448903 0.0 -0.8005889179583718 0.0004577498905889093 0.5992137973271985 0.0 0.5989146245915518 0.032216404629162164 0.8001645928951935 0.0 2.638520475357656 0.35245598178775855 3.645308562388796 1.0]
[0.02091811755192893 0.9996656721787842 0.015197902007291677 0.0 -0.5459607250783991 -0.0013129186710584997 0.837809741478596 0.0 0.8375495919824405 -0.02582286025797188 0.5457507314316169 0.0 3.634393947829351 0.3471996393865964 2.6535431535061873 1.0]
[-0.03696003839255244 0.9992445838799852 -0.012009044447264762 0.0 -0.3130933011684529 -0.00016680843382570722 0.9497223578174765 0.0 0.9490029190289466 0.03886172617707216 0.31286295068779996 0.0 4.280472661570942 0.35450594376264427 1.388365656903424 1.0]
[0.028721648843327632 0.999587448344426 -5.943585930269066e-17 0.0 0.03511146241733842 -0.0010088753071046442 0.9993828932784123 0.0 0.9989705962112381 -0.028703924520771338 -0.03512595368768589 0.0 4.5 0.3484877466655714 -0.011035111270234108 1.0]
[-0.011047299476006188 0.9999325341093561 0.00358948518993781 0.0 0.30990313220934734 1.0825296987921056e-05 0.9507681360508717 0.0 0.950703952774534 0.011615813034578964 -0.30988234390881725 0.0 4.27820568489036 0.34633068468712463 -1.395342693712413 1.0]
[0.031471909061929926 0.9992430533164433 -0.022865680371009462 0.0 0.6071046533793794 -0.0009378950006576207 0.7946213313258531 0.0 0.7939983997371161 -0.038890111234082314 -0.6066746248716024 0.0 3.6374170777738537 0.34538148756989706 -2.6493821721073383 1.0]
[-0.0010668841457951506 0.9999983527196634 0.001468440049509672 0.0 0.8131774036743036 1.291064126290978e-05 0.582015901833304 0.0 0.5820149241314506 0.0018150458051782595 -0.8131760779173148 0.0 2.634137607721093 0.3462154747164403 -3.6484929021213772 1.0]
[-0.009201605792198687 0.9995565661682184 0.028319630662226147 0.0 0.9423562006518921 -0.0008052106979526899 0.33461043427942117 0.0 0.3344848599619658 0.0297661328649159 -0.9419309187995116 0.0 1.382546272729704 0.346111082498402 -4.28236349410893 1.0]
[-6.244897807199589e-17 0.9999429810595379 0.010678699816198045 0.0 0.9985118086238179 0.0005823728626584725 -0.05453282388287592 0.0 -0.054535933464019144 0.010662807867222738 -0.9984548745384514 0.0 -0.0070437846944697855 0.3458320325086719 -4.5 1.0]
[0.014423434502271027 0.9989101182537219 0.04439076691716531 0.0 0.9432993155607068 0.0011307517904291051 -0.3319414446300592 0.0 -0.3316298626478938 0.04666151573538778 -0.942254921531013 0.0 -1.3765221394713947 0.3505868319526851 -4.284320853657286 1.0]
[-0.01570033776831948 0.9996431973175637 -0.02160966104960557 0.0 0.8196120136921459 0.00048777921587021773 -0.572918763074611 0.0 -0.572703803379606 -0.02670655590215114 -0.8193272322255492 0.0 -2.636983436588489 0.3534922722082192 -3.6464252864217888 1.0]
[0.00041111231705944753 0.9999998708852911 0.00029869058213058826 0.0 0.5827954596063121 3.1272164431213522e-06 -0.8126188849962128 0.0 -0.812618781009232 0.0005081531477899308 -0.5827953830732088 0.0 -3.641318848856571 0.34861939975349754 -2.6440118449312697 1.0]
[-0.007678584258617018 0.9999674068196852 -0.0024949232648085544 0.0 0.25058388056528696 -0.0004912087255234787 -0.9680947668047948 0.0 -0.9680644390455758 -0.00805878479064515 -0.25057194145209627 0.0 -4.2761019743166235 0.3518067892467592 -1.4018172491121814 1.0]
[-0.05563271457355466 0.9984513013007582 5.101013191326343e-17 0.0 0.009278791546867659 0.0005170050467578665 -0.9999568174342387 0.0 -0.9984081856117804 -0.05563031221019911 -0.009293183888667856 0.0 -4.5 0.3494578715276246 0.009818888635266766 1.0]
[-0.011790016878823289 0.9999231572509356 0.003830808702848163 0.0 -0.3381614438086051 -0.00038183023142899315 -0.9410880363318588 0.0 -0.9410142578214619 -0.012390875634720983 0.3381399603385086 0.0 -4.275150445900963 0.35458472742400127 1.4047457524522147 1.0]
[0.024661731465666917 0.9995352677928232 -0.01791779672405491 0.0 -0.6075557946925547 0.0007520398661675184 -0.7942766462458392 0.0 -0.79389404540947 0.030474298586988236 0.6072919905523352 0.0 -3.6433589683161713 0.35285846521107744 2.641203861391474 1.0]
[0.025748765383842485 0.9990400381875816 -0.03544013514877467 0.0 -0.8235457833049444 0.0011029741735769745 -0.5672487340211683 0.0 -0.5666651073445881 0.04379252842812346 0.8227836110254133 0.0 -2.6409873326046602 0.34853648350582367 3.6435162856883294 1.0]
[-0.0002756474680311635 0.9999996021554823 0.0008483556744237512 0.0 -0.9621477035827948 -3.401247376855805e-05 -0.27252852205504274 0.0 -0.2725283847763893 -0.000891365261038993 0.9621473301730581 0.0 -1.3896133720663915 0.3503916761611039 4.2800672543392055 1.0]
[6.11362699274208e-17 0.9994362352590394 0.0335739728247673 0.0 -0.9984310573462691 0.0018799697220911432 -0.05596328653907869 0.0 -0.05599485446370055 -0.03352129718674732 0.9978681771198572 0.0 0.011147819353430542 0.3490868538296077 4.5 1.0]
[0.01603355493883041 0.9986530312698112 0.04934620807763314 0.0 -0.9323332636196398 -0.002898311557279881 0.3615885580856623 0.0 0.3612445302899062 -0.05180466123559247 0.9310309696298457 0.0 1.3998693879958992 0.5473327914868517 4.27673487275883 1.0]
[0.03191316083804117 0.9985249977370864 0.04392469760256844 0.0 -0.7816438626386338 -0.002455615287804114 0.623720163176496 0.0 0.622908036683331 -0.054238352184686325 0.7804125697268133 0.0 2.6406190947963952 0.5453766655080716 3.6437838261164535 1.0]
[-0.034292650447325254 0.9991012228321081 -0.024915068948003938 0.0 -0.5537170690565115 0.0017600089712038688 0.8327030141676491 0.0 0.831998450455747 0.042351492344514956 0.5531590454249378 0.0 3.6407468229129245 0.547593855911936 2.6447991710981453 1.0]
[0.047810521349469316 0.9987356161017933 0.015534580073606391 0.0 -0.2754109856350111 -0.0017684726484788894 0.9613249510420725 0.0 0.9601369397329963 -0.0502398411050725 0.2749782088200689 0.0 4.27542413857822 0.5489728761968672 1.4039034130051742 1.0]
[-0.01952939788818427 0.9998092831225989 -6.23460892247505e-17 0.0 0.051750993153736255 0.0010108585241893054 0.998659507976891 0.0 0.9984690467539427 0.019503218886099034 -0.05176086482424712 0.0 4.5 0.5516553935077211 0.004826534043919001 1.0]
[-0.043081296379394236 0.9989735026363786 0.013997961732912513 0.0 0.32957527569122036 0.0009836611987865786 0.9441287889179644 0.0 0.9431458739534022 0.045287674272933155 -0.3292793449392504 0.0 4.280107355951042 0.5536430896032274 -1.3894899519958295 1.0]
[-0.018448458205521767 0.999739965280653 0.01340358946244095 0.0 0.5668973022359459 -0.0005834902706484793 0.8237882666418055 0.0 0.8235818739551312 0.022796082113876497 -0.5667391247591891 0.0 3.6397441175113947 0.5514882705163052 -2.646179276684369 1.0]
[-0.01642409894673184 0.9996095364165609 0.022605832850311237 0.0 0.8043059311480899 -0.0002228203952381846 0.5942153813821007 0.0 0.593988398955562 0.02794145765953728 -0.8039882193478138 0.0 2.6411062532134637 0.5507854208555668 -3.643429884808577 1.0]
[-0.01663109934047473 0.998550687560426 0.05118526064530508 0.0 0.9643039175614698 0.0024878860919433777 0.26478626285816964 0.0 0.264275161735509 0.05376183400325989 -0.9629477161789609 0.0 1.3839041791309934 0.5526339602018857 -4.28192228357351 1.0]
[-6.849970122172551e-17 0.9982253706896685 0.059549217555512665 0.0 0.9995865811633431 -0.0017121479751076576 0.02870078931825121 0.0 0.028751813128554314 0.059524598787267034 -0.9978126855181966 0.0 -0.0006940848873758966 0.551686238674986 -4.5 1.0]
[-0.012081247799851627 0.9992354693372418 -0.03718225746213793 0.0 0.9628037177682076 0.0015865443586738147 -0.2701971205041159 0.0 -0.2699315552196822 -0.03906353408717767 -0.9620867922392988 0.0 -1.3931645984926664 0.5450420028618231 -4.278913390927526 1.0]
[0.01101197704235631 0.9998244902120518 0.01515668610974296 0.0 0.8178009447751032 -0.00028296511938699604 -0.5755011161202815 0.0 -0.5753958212279329 0.018732557298774447 -0.8176605287101005 0.0 -2.648391366248716 0.5469212790791305 -3.6381369403671404 1.0]
[-0.013525409926547494 0.9998602390197622 -0.009826785520342548 0.0 0.6278391407958308 0.000843293189129484 -0.7783426637036867 0.0 -0.7782255949087462 -0.016697044167790037 -0.6277627992681527 0.0 -3.637911140272763 0.5459666903007828 -2.648702153416257 1.0]
[-0.01575189619953013 0.9998628319949256 -0.00511810132824354 0.0 0.3459748771663958 0.0006478236387625604 -0.9382435529723774 0.0 -0.9381115403489163 -0.01654984953466346 -0.34593762493340247 0.0 -4.276436283962857 0.5532335672847627 -1.4007883498176508 1.0]
[-0.0139361187609795 0.999902887581529 5.864400721852797e-17 0.0 -0.030401597278704586 -0.00042372141881117845 -0.9995376747992357 0.0 -0.9994406072782831 -0.013929675742075457 0.030404549938081595 0.0 -4.5 0.5479990889495331 -0.010888181796221164 1.0]
[0.01736048091410126 0.9998333838717343 -0.0056407621850668825 0.0 -0.29646119503223817 -0.0002405121377330078 -0.95504486909986 0.0 -0.9548870998932221 0.018252305320396046 0.29640762440936413 0.0 -4.276424046623052 0.5494431728000391 1.4008260124769083 1.0]
[-0.016223598642811126 0.9997989089363871 0.011787134371292406 0.0 -0.6147272193349694 -0.0006762452751430428 -0.78873949343305 0.0 -0.788572913975476 -0.020042065311184187 0.6146145743165295 0.0 -3.6485167060436283 0.5540759896825205 2.63410484443287 1.0]
[-0.0259749202208281 0.9990230929068814 0.035751410577628984 0.0 -0.8112766645168275 -0.00017050700576304862 -0.5846624192966505 0.0 -0.5840851625661903 -0.0441908448225373 0.8104885514946512 0.0 -2.6545874388976705 0.5534843454836323 3.633635230081064 1.0]
[0.017335754035230876 0.9984251729960958 -0.0533539647987493 0.0 -0.941995888049866 -0.0015789725629452448 -0.33562069921682397 0.0 -0.33517639912316965 0.0560774533423342 0.9404850348078189 0.0 -1.3978908792890463 0.5466969898160852 4.277377729206854 1.0]
[6.123180681333556e-17 0.9999825358611835 -0.005909989224772984 0.0 -0.9999912930972021 -2.4662243966334644e-05 -0.004172903253049676 0.0 -0.004172976130484097 0.005909937767071267 0.9999738291104442 0.0 0.003288683768959709 0.5489376089441639 4.5 1.0]
[-0.016169404036420736 0.9986300936592049 -0.04976430860882739 0.0 -0.9557915085871473 -0.0008228064005412195 0.2940440700002847 0.0 0.29360031077267623 0.05231882097137568 0.9544954680281896 0.0 1.402988859910814 0.7524980891090535 4.275721294891828 1.0]
[0.023484111686913906 0.9992015378634482 0.03232310674419399 0.0 -0.7960013802449826 -0.0008722995038675765 0.6052941778521072 0.0 0.6048390687995934 -0.03994403365830193 0.7953453181032407 0.0 2.6407765906909355 0.7475264305528141 3.6436693986510833 1.0]
[0.0054063004867149255 0.999977671480667 0.003927907222774399 0.0 -0.5532570200703807 -0.0002809207656378561 0.8330105586523895 0.0 0.8329930621907303 -0.006676647633866174 0.5532431479182398 0.0 3.6453986178573548 0.7491607461505517 2.638396524638892 1.0]
[0.02381520310044801 0.9996864303447024 0.007738028557122474 0.0 -0.35528900980542555 0.0012284988819987143 0.934755695517271 0.0 0.9344530783366088 -0.025010633241950502 0.3552068589034733 0.0 4.278197215757956 0.7530495951801134 1.3953687590217847 1.0]
[0.05563618721409708 0.9984511078026194 -5.782450334025485e-17 0.0 -0.005992053473743177 0.0003338921718418463 0.999981991743444 0.0 0.9984331274389114 -0.05563518530336393 0.006001348916253323 0.0 4.5 0.749024728805728 -0.0027083956040871667 1.0]
[0.05803211783345357 0.9981366303928915 -0.018855778098198016 0.0 0.3651834821050504 -0.0036457844994532704 0.9309284250966955 0.0 0.9291250172594614 -0.060909566763422886 -0.3647145828991454 0.0 4.2812413050251275 0.7542137113245642 -1.3860000155985222 1.0]
[0.03906942594688179 0.9988332381821707 -0.028385599495165805 0.0 0.605354766497107 -0.0010584361002922472 0.7959550781245477 0.0 0.7949963437874507 -0.04828086593610802 -0.604689814160157 0.0 3.634421980495558 0.7461018734656795 -2.6535045698512367 1.0]
[-0.009847980564986708 0.9998596354362334 0.013554582402799088 0.0 0.8359102243169388 0.000792494606746806 0.5488656200152302 0.0 0.5487778367984594 0.016735631975545583 -0.8358006966144397 0.0 2.6352601956855852 0.7537625729199713 -3.6476772942237465 1.0]
[0.005856198645895963 0.9998204125952195 -0.018023526162902214 0.0 0.9471245370298725 0.00023663164756002536 0.3208661019201201 0.0 0.32081274334628507 -0.018949579504263077 -0.9469530596303294 0.0 1.382247635234555 0.7483804650345145 -4.2824605273131375 1.0]
[-6.717524230916102e-17 0.9988216581450433 0.048531383870504825 0.0 0.9999921930187954 -0.000191768995097715 0.00394678680862399 0.0 0.003951442959250345 0.04853100498690312 -0.9988138603631314 0.0 -0.006970014547506919 0.7489525037173248 -4.5 1.0]
[0.018751294315044957 0.9981572428238248 0.05771054981414202 0.0 0.9488501867616571 0.0004293643234672173 -0.31572636685688193 0.0 -0.31516933867982655 0.06067894399721981 -0.9470936351340891 0.0 -1.4013242486593378 0.7481087835599175 -4.276262159874005 1.0]
[0.029343048263920708 0.9987531508201296 0.04038724112197364 0.0 0.8141846522546362 -0.00044214224942539014 -0.5806058530046252 0.0 -0.5798640681673407 0.0499194174354478 -0.813182460590074 0.0 -2.633815764615287 0.7481758278956142 -3.648726734825091 1.0]
[-0.0009679465979966144 0.9999992842560823 -0.0007032543682825735 0.0 0.5759456695790859 -1.741734873477634e-05 -0.8174879726269582 0.0 -0.8174873997637407 -0.0011963210100323376 -0.5759452404904126 0.0 -3.6391625860446717 0.7495543602434471 -2.6469796860813517 1.0]
[-0.04483826634986947 0.9988880211974619 -0.014568835882009676 0.0 0.27865527401847234 -0.001499012062879629 -0.9603900203690818 0.0 -0.9593439258849915 -0.04712190648789701 -0.27827820215841137 0.0 -4.281398529160033 0.752689553579026 -1.3855161294668739 1.0]
[0.053880038532472314 0.9985474157233293 7.102008083598949e-17 0.0 0.05978901437037767 -0.0032261206101673917 -0.9982058234184108 0.0 -0.9967558453344321 0.05378336822912223 -0.059875989290971834 0.0 -4.5 0.7540141726977468 -0.01032345598690503 1.0]
[0.04039571992357942 0.9990975480924008 -0.013125365046678912 0.0 -0.26969517474710436 -0.0017460386515539559 -0.9629441645636345 0.0 -0.9620980711600998 0.04243867039364135 0.2693812553338396 0.0 -4.283653390954009 0.7500203591538337 1.3785763784449503 1.0]
[0.01841181040737613 0.9997409975043374 -0.013376963278530383 0.0 -0.5635041645743096 -0.0006759257677839542 -0.8261129460502151 0.0 -0.8259080225696637 0.022748209454564988 0.5633457705722827 0.0 -3.6487438476353353 0.7508407245331865 2.6337922108526572 1.0]
[0.0014871958937262022 0.9999967991178537 -0.0020469495403236085 0.0 -0.830282515228769 9.394057105098877e-05 -0.5573427456068288 0.0 -0.5573407693267763 0.002528424255550821 0.8302799973003211 0.0 -2.6422043464297067 0.7457443231762871 3.642632073387263 1.0]
[0.009883258490435181 0.9994884163127414 -0.030417541949659687 0.0 -0.9344513670452824 -0.001596689742968554 -0.3560871988840199 0.0 -0.3559535978590666 0.03194301548872249 0.9339575364719067 0.0 -1.3944664945324232 0.7546393334270325 4.278490379261761 1.0]
[6.121735247111948e-17 0.9997772572022068 0.021105354326153077 0.0 -0.9997552357747781 0.00046693350683607473 -0.022119007979972048 0.0 -0.022123935927358705 -0.021100188490453402 0.9995325474964531 0.0 -0.01032482542434059 0.7532675993542912 4.5 1.0]
[-0.015403327966443284 0.9987569047133965 -0.04740656890003387 0.0 -0.9365729323106595 0.0021907688538926008 0.35046589419634194 0.0 0.3501340885297673 0.04979805035485111 0.9353749377817887 0.0 1.3834198762490664 0.9547779677020607 4.282079643118791 1.0]
[0.023720875602195015 0.9991853501146617 0.03264898431660688 0.0 -0.8200566919862151 0.0007686702470895323 0.5722817759414301 0.0 0.5717904703554363 -0.04034904289189636 0.819406866427428 0.0 2.638474829732729 0.9519862273196752 3.6453417258765226 1.0]
[-0.002325680717951044 0.9999958680429669 -0.0016897059481535501 0.0 -0.5565915290314335 0.00010933079893916538 0.8307862889198566 0.0 0.8307830408835083 0.0028726196701753083 0.5565889749506195 0.0 3.6376082109268775 0.9499770612267299 2.6491190998911143 1.0]
[0.006996039132418279 0.9999729437446792 0.002273150909738809 0.0 -0.30622838354810816 -2.1559192874605337e-05 0.9519580750456996 0.0 0.9519323676322653 -0.0073560392740915186 0.3062199473258194 0.0 4.275430824673386 0.9470267164955303 1.4038828353201547 1.0]
[0.04500158585591253 0.998986915465089 -5.847538877303306e-17 0.0 -0.006752377084070022 0.0003041758329125492 0.9999771561794686 0.0 0.9989640947872789 -0.04500055784776161 0.0067592247501323715 0.0 4.5 0.945031473170583 0.003503581700709218 1.0]
[-0.04924040485603647 0.9986588050242756 0.015999177388208625 0.0 0.3121169326361374 0.00016907354109690244 0.9500436788779486 0.0 0.9487667800315431 0.05177414954997762 -0.31170664822386135 0.0 4.278243863267664 0.9527726059093045 -1.3952251927491077 1.0]
[-0.030269401951468877 0.9992998123174865 0.021992007815030523 0.0 0.610377926922391 0.0010564332803767481 0.7921096327369389 0.0 0.7915317742399383 0.03740012100194415 -0.6099825254198805 0.0 3.63281201614627 0.9482586457315545 -2.6557204956742004 1.0]
[0.003457189874715113 0.9999827025193029 -0.0047584136391939855 0.0 0.8127922757923466 -3.794681277900244e-05 0.5825536155345167 0.0 0.5825433582579654 -0.005881600312066433 -0.8127783477229821 0.0 2.63370014263758 0.9526312926307234 -3.648810739109067 1.0]
[0.014407076815092897 0.9989125902770789 -0.04434042313263088 0.0 0.9583135801305074 -0.001138955722898431 0.285716266455571 0.0 0.28535507403074784 -0.04660836583488003 -0.957287909648455 0.0 1.3787733750037539 0.951736360418103 -4.283589382891964 1.0]
[-6.823027575641825e-17 0.9983241360252452 0.05786984905326567 0.0 0.9985452664060585 0.003120333963644205 -0.053829494275991575 0.0 -0.053919856621227044 0.05778566383977156 -0.9968718403669266 0.0 0.013656575172329358 0.9532932719885773 -4.5 1.0]
[-0.010381510516932604 0.9994355194719694 -0.03195100400897505 0.0 0.9582850907968375 0.0008168985552161406 -0.2858129063447757 0.0 -0.2856254697954716 -0.033585340470884135 -0.9577526381637229 0.0 -1.3879878264303 0.9486551582956353 -4.280595426133497 1.0]
[0.0047658049740732025 0.9999671290463449 0.006559567802806052 0.0 0.8348367539924018 -0.00036765579272669276 -0.5504974650374406 0.0 -0.5504769579976797 0.008099731849177796 -0.8348110642879576 0.0 -2.633544025196147 0.946363682710627 -3.6489241650696314 1.0]
[-0.03453078913578452 0.9990886910083274 -0.025088086832732868 0.0 0.5427328655948426 -0.0023326693207538136 -0.8399021343329535 0.0 -0.839195246176282 -0.04261861275436792 -0.5421577193419114 0.0 -3.6360973846032976 0.9484223137982611 -2.6511985739278616 1.0]
[0.0178962874126072 0.9998229394964924 0.005814856269801183 0.0 0.3450204077374037 -0.0007169168230073461 -0.9385949095722737 0.0 -0.938424552716712 0.018803608346856675 -0.34497214839980483 0.0 -4.283705193394225 0.9493410729289332 -1.3784169469275092 1.0]
[0.013870475018406084 0.999903800334194 6.372281393087635e-17 0.0 -0.04331921457740624 0.0006009158915208914 -0.9990611015090558 0.0 -0.9989649921649709 0.01385745205034262 0.043323382272302424 0.0 -4.5 0.9463031674897627 0.008233694853341576 1.0]
[-0.033980940265983695 0.9993614913143194 0.011041076788932014 0.0 -0.32401392373872306 -0.0005652243286164056 -0.9460521432484021 0.0 -0.9454418400526161 -0.03572520398091221 0.32382624488828193 0.0 -4.279377147726295 0.9500975423927585 1.3917373018278407 1.0]
[-0.025806406893398727 0.9994911142221762 0.01874945210306495 0.0 -0.6330467251603843 -0.0018234239519170166 -0.7741114382883154 0.0 -0.7736833157868698 -0.03184631400969914 0.6327716327056946 0.0 -3.6376898166218017 0.9511220322041112 2.6490067792880128 1.0]
[0.001588577850059223 0.9999963478346451 -0.0021864898320823763 0.0 -0.8227104614543702 6.400645345078378e-05 -0.5684606340958988 0.0 -0.5684584180342056 0.002701892030673145 0.82270755845896 0.0 -2.638435220057328 0.947815251017021 3.6453705039902227 1.0]
[-0.01629481512649018 0.9986087462009455 0.050150284256113294 0.0 -0.9448731379458548 0.0010258541011234409 -0.3274350329633602 0.0 -0.327030934604583 -0.05272114978202454 0.9435418635001386 0.0 -1.3786711599475898 0.9540188776839711 4.283622594576963 1.0]
[6.120485558618315e-17 0.9999878632536199 0.004926798702968236 0.0 -0.9995511461557137 -0.00014759904640953246 0.029958044551014203 0.0 0.029958408148615855 -0.004924587290430386 0.9995390148569588 0.0 0.012288680513649779 0.9494697765974764 4.5 1.0]
[0.9907478401965839 9.010230258356365e-20 0.13571557444082957 0.0 0.0009474657657769195 0.9999756307046685 -0.006916668665120287 0.0 -0.13571226714791496 0.006981260401988749 0.9907236963698671 0.0 -0.8019238074234247 0.32956769726282237 5.54924184327117 1.0]
[0.8729220737696326 7.679244984800934e-12 0.487859665401562 0.0 -0.03233235774492535 0.9978014689912613 0.057851941380864885 0.0 -0.48678709079881954 -0.06627388987286667 0.871002927522486 0.0 -2.5860360382614385 0.37478772877376876 4.397373762799317 1.0]
[0.936059370406639 1.8177265536279958e-13 0.35184208826387314 0.0 -0.023317947861263816 0.9978014682265506 0.06203630640583953 0.0 -0.351068552253577 -0.06627390138614156 0.9340014141389692 0.0 -1.9398903419479958 0.3747880992856553 4.713143274179369 1.0]
[0.9702957253951491 -2.8886255412372547e-18 0.2419218991325538 0.0 -0.01603310808625126 0.9978014682265527 0.06430528322020194 0.0 -0.24139002615061816 -0.06627390138610977 0.9681624994132276 0.0 -1.269683511727267 0.5582949328050091 4.591941924176743 1.0]
[0.9973144771444592 1.8066730932227414e-18 0.07323819821701044 0.0 -0.004853781126330512 0.9978014682265527 0.0660959213092115 0.0 -0.07307718171120031 -0.06627390138610977 0.995121849578338 0.0 -0.32962469120504484 0.5795012622835558 4.461036474345684 1.0]
[0.996195150370309 -3.3184441782034497e-13 -0.08715057299459257 0.0 0.005775808480717692 0.9978014682265518 0.06602173915694808 0.0 0.08695896969076783 -0.0662739013861241 0.9940049836796667 0.0 0.37179438088062355 0.5358068262363308 5.183324669506135 1.0]
[0.97029641965983 -1.750690712855041e-13 -0.24191911456803464 0.0 0.01603292354247155 0.9978014682265512 0.0643053292318093 0.0 0.241387247708041 -0.06627390138613101 0.9681631921515472 0.0 1.1480891134182247 0.5734026727839857 4.504084515918768 1.0]
[0.9218631478699661 1.0743926785940593e-10 -0.3875155952981465 0.0 0.020282727876407523 0.9986293009472618 0.04825070191159009 0.0 0.38698442804393396 -0.052340417318450204 0.9205995509242474 0.0 1.9002837251354654 0.4462980601444312 4.625388820932681 1.0]
[0.8729244946696249 -1.6254285426581366e-12 -0.4878553336808502 0.0 0.025532375778132135 0.9986295347137194 0.04568533883611944 0.0 0.4871867448812396 -0.05233595702249348 0.8717281819521777 0.0 2.3729321444093077 0.450995352337462 4.316109537324967 1.0]
[0.8423811485170981 -2.358161270735012e-11 -0.538882173052741 0.0 0.02820291427206735 0.9986295347134131 0.044086823577571876 0.0 0.5381436537399718 -0.052335957028329355 0.8412266943956455 0.0 2.570223440045397 0.46590918260630626 3.8808782834954654 1.0]
[0.7774390232193232 1.1706741610233525e-06 -0.6289582815371394 0.0 0.028615469642317586 0.9989644246104898 0.035372720281276075 0.0 0.6283069897231635 -0.045498071886805026 0.7766338926082952 0.0 3.1175423576790564 0.45543738866259803 3.763548282861717 1.0]
[0.6971687464573612 -2.8249382727359143e-12 -0.7169070643798804 0.0 0.032521047138822326 0.9989705697599555 0.031625658039850894 0.0 0.7161690585684168 -0.045362988806624954 0.6964510598674359 0.0 3.538691558180049 0.4532536244330446 3.482564824983326 1.0]
[0.6587866539184305 -3.095017206538222e-11 -0.7523298087733499 0.0 0.034127928721413715 0.9989705697595473 0.029884531590303375 0.0 0.7515553377164794 -0.04536298881560267 0.6581084790159366 0.0 3.8019730367385307 0.45145526455439916 3.268545340449469 1.0]
[0.5504809069932959 1.2724833706392357e-09 -0.8348477532076295 0.0 0.020397189654823657 0.9997014885716202 0.013449475895774726 0.0 0.8345985416294542 -0.024432227644770318 0.5503165821254984 0.0 3.9913771229879385 0.44636288916064537 2.6182677897722924 1.0]
[0.5150381823815038 -3.417080542887936e-15 -0.8571672361267382 0.0 0.0209424629316736 0.9997014897722872 0.012583504814832853 0.0 0.8569113629398941 -0.024432178516649875 0.5148844382164005 0.0 4.072544768245206 0.4480903828497874 2.3621496100814325 1.0]
[0.46019977291460357 -1.5620752153361885e-16 -0.8878153912888351 0.0 0.021691264129797102 0.9997014897722873 0.011243683005170592 0.0 0.8875503693142146 -0.024432178516648584 0.4600623985755975 0.0 3.963912388643793 0.45460417778881096 2.024560083852026 1.0]
[0.3939418973514026 -2.3383362271980646e-16 -0.9191353445011115 0.0 0.022456478817812566 0.9997014897722872 0.009624858761276516 0.0 0.9188609732001257 -0.024432178516648608 0.39382430166591864 0.0 4.081521912881171 0.4554995134618231 1.7139343220727359 1.0]
[0.29237860106045005 -1.2945140543849646e-13 -0.9563026475061647 0.0 0.023364556999884795 0.9997014897722865 0.007143446175443092 0.0 0.9560171813850936 -0.024432178516682716 0.2922913230576719 0.0 4.248743434513404 0.4564264969058331 1.2263640313076813 1.0]
[0.21132477679664047 4.114691166029262e-11 -0.9774158985364676 0.0 0.037520370166038944 0.9992629354624579 0.008112190423395536 0.0 0.9766954799395603 -0.038387313149815736 0.21116901679621586 0.0 4.161127580354466 0.46145197487299283 0.7949455089400144 1.0]
[0.10464672324846765 -9.536633399996784e-10 -0.9945094566180175 0.0 0.1384089534225187 0.9902680703934519 0.014564006807878888 0.0 0.9848309605790975 -0.1391730892051105 0.10362830883646759 0.0 5.178040226455801 0.07257029164095377 0.4978858141227321 1.0]
[0.228353291179356 -7.146790668261899e-08 -0.9735768999931991 0.0 0.13549574862557828 0.9902680664876808 0.03178056908776222 0.0 0.964102111969872 -0.1391731162629142 0.2261309818981662 0.0 5.0511278495310865 0.0730670044536237 1.2873337493938737 1.0]
[0.3839789219351338 -1.0157286025633369e-08 -0.9233418436776734 0.0 0.1285043559155623 0.9902680680690158 0.05343952981063854 0.0 0.914355943162624 -0.1391731057405594 0.38024206650968184 0.0 4.8427061933368085 0.0730670055248554 1.975495970905961 1.0]
[0.4410291822563358 -6.57186434960833e-08 -0.8974904518915794 0.0 0.12490657963894458 0.990268065436177 0.061379349761774976 0.0 0.8887561294300346 -0.13917312379591482 0.4367371233827589 0.0 4.598261061400734 0.0730670055248843 2.560406087315505 1.0]
[0.6083166771949744 -1.0727148624452078e-07 -0.7936882572344472 0.0 0.11046015243465312 0.9902680632312066 0.08466125622128551 0.0 0.7859641241150765 -0.13917313909543536 0.6023965896873305 0.0 4.102579493452396 0.07306700552488432 3.363492050038471 1.0]
[0.7311060138494023 -8.212398796785314e-09 -0.682263849202618 0.0 0.09495278465047843 0.9902680680953707 0.10175028888719334 0.0 0.6756241030453936 -0.1391731055555658 0.7239909406875453 0.0 3.4862306051284273 0.07306700552488432 4.00629980585194 1.0]
[0.8538160122510515 -1.692617214139888e-08 -0.5205701446343375 0.0 0.06884874611951369 0.9912155393517728 0.1129226206053838 0.0 0.5159972147622368 -0.13225639685792895 0.8463157002559296 0.0 2.8387836164582034 0.07306700552488432 4.490737736379589 1.0]
[0.9306001035759464 1.179544196225629e-08 -0.3658941394689908 0.0 0.043323129241193595 0.9929655653442547 0.11018630322525257 0.0 0.36332028263020755 -0.11840348776000814 0.9240538573260179 0.0 1.94553953486335 0.07306700552488432 4.937438993081861 1.0]
[0.9788261204191891 -2.224418520013764e-10 -0.2046934626643052 0.0 0.024236518846158295 0.9929655078944332 0.11589689863551975 0.0 0.20325354809135096 -0.11840397008522126 0.9719405758077706 0.0 1.0217921308447315 0.07306700552488432 5.197475172199332 1.0]
[0.9998473930039986 -1.787748311490041e-08 0.01746970572262083 0.0 -0.0021894968871910177 0.9921148465259457 0.12531295784747382 0.0 -0.017331956652840694 -0.12533208409029162 0.9919634428203632 0.0 -0.5327787234900729 0.07306700552488432 5.271335204661974 1.0]
[0.9477684084666602 -1.0059621361943187e-17 0.3189593138827804 0.0 -0.03997620277693368 0.9921147010797868 0.11878688106395624 0.0 -0.3164442243494286 -0.12533323542207392 0.9402949712587659 0.0 -1.092295171169496 0.20830530901474859 4.075897460543906 1.0]
[0.9342180820141139 2.872729403695987e-09 0.35670063817342046 0.0 -0.044706447914929046 0.9921147010133639 0.1170885742700161 0.0 -0.3538879466556542 -0.12533323593363066 0.9268514932470094 0.0 -1.9366464977376385 0.15829360370693213 4.212996553939868 1.0]
[0.8799161835370606 2.5415296265946503e-09 0.4751288349826042 0.0 -0.05954943663788499 0.9921147010033745 0.11028274151524431 0.0 -0.4713823017764215 -0.1253332360248457 0.8729777814892232 0.0 -2.267631191122967 0.15829360370693168 4.068043855758341 1.0]
[0.870917566617592 5.0093976109001375e-09 0.49142632829843474 0.0 -0.06159205669057513 0.9921147009169073 0.10915491502565645 0.0 -0.487551284171733 -0.1253332366495561 0.8640501214370313 0.0 -2.5838804963574065 0.15829360370693168 3.8970485065455893 1.0]
[0.7709800281547374 6.767634887433068e-09 0.636859182578595 0.0 -0.07981962840326046 0.9921147008099257 0.09662941873763269 0.0 -0.6318373567273794 -0.12533323755067585 0.7649006205033723 0.0 -3.1618653096802283 0.15829360370693168 3.47878352584594 1.0]
[0.7302712128971998 7.51313106259108e-09 0.6831565054739261 0.0 -0.08562222235571136 0.9921147007579463 0.09152725054709833 0.0 -0.677769611306243 -0.12533323791169315 0.7245128065003522 0.0 -3.4206920320645064 0.15829360370693168 3.2439826791380777 1.0]
[0.6289183660642756 2.390805988471205e-08 0.7774691209197293 0.0 -0.09744274239720294 0.9921146999547568 0.07882436050927528 0.0 -0.7713385417168065 -0.1253332441002132 0.6239591583809114 0.0 -3.6865638815259665 0.15829360370693168 2.939471290125306 1.0]
[0.5328762653697117 -1.4109493257211916e-10 0.8461931728663548 0.0 -0.11484164714759588 0.9907478313451274 0.07231964301178756 0.0 -0.8383640509265975 -0.13571563905801465 0.5279460042741287 0.0 -4.054024266394199 0.07976343083007431 2.3991653890583757 1.0]
[0.5269557827971971 3.9064439549363165e-16 0.8498927008608754 0.0 -0.1153436761131948 0.9907478401961337 0.07151610676896991 0.0 -0.842029357776371 -0.1357155744441156 0.522080303685186 0.0 -4.099877075283601 0.47361742161411563 2.4275953249178444 1.0]
[0.5269557826221015 -4.792767111015995e-09 0.8498927009694391 0.0 -0.009049107266326838 0.9999433099983137 0.005610689665425989 0.0 -0.8498445205778314 -0.010647355579634983 0.5269259094542796 0.0 -4.154716852763745 0.9919696786995069 2.46159742639335 1.0]
[0.5239858933815349 5.799795300222235e-08 0.8517269418875708 0.0 0.17122568772665925 0.9795843498398316 -0.10533880913588209 0.0 -0.8343383887189785 0.2010335813928355 0.513288370763406 0.0 -4.099187933311078 1.9082896332304407 2.427435808379002 1.0]
[0.43789072094137466 -4.2549937751164505e-09 0.899028152558218 0.0 0.19305311051100607 0.9766722773154627 -0.09403060542114479 0.0 -0.8780558727178287 0.21473533173854437 0.4276757284661559 0.0 -4.315166983955684 1.9082913782955082 2.0444276365385265 1.0]
[0.4631055866670141 -5.633889823499848e-09 0.8863031069536361 0.0 0.19032059465865434 0.9766722772280718 -0.09944512709893293 0.0 -0.8656276732201004 0.21473533218508792 0.4523023890009127 0.0 -4.370652586234059 1.3613558558155854 2.2049798282607336 1.0]
[0.40673664209339866 8.415812573855533e-08 0.9135454580799987 0.0 0.10195112650763896 0.9937532684899326 -0.04539165743678965 0.0 -0.9078387887029582 0.11159943889208614 0.40419585891099535 0.0 -4.548086346252058 1.3613549150411584 1.8466004416566095 1.0]
[0.39073111244932135 6.497219383284939e-11 0.920504860260996 0.0 0.0064296967684155885 0.9999756048123445 -0.0027292442924126605 0.0 -0.9204824043723694 0.006984967783851328 0.3907215804900925 0.0 -4.3759495321482005 0.8129922403104877 1.6813530082533361 1.0]
[0.4162807768930743 -1.5750492636999135e-07 0.9092361160827926 0.0 -0.10086077947324266 0.9938282503820355 0.046177840311393166 0.0 -0.9036245456896903 -0.11092921063340208 0.41371158031243316 0.0 -4.228052499549271 0.29438451460125836 1.9226666951478126 1.0]
[0.4226181942731124 5.495251557709239e-10 0.9063078184972984 0.0 -0.009498828940363805 0.9999450749170484 0.004429375210990976 0.0 -0.906258039462752 -0.010480797488647248 0.4225949819389588 0.0 -4.280747722779714 0.8111438209130122 1.9468125235553106 1.0]
[0.29570803220754543 7.365864714388641e-08 0.9552783676436669 0.0 0.12621100509822786 0.991233773262518 -0.03906890623534733 0.0 -0.9469041837517689 0.13211963231225626 0.29311577925739385 0.0 -4.514802014612715 1.4503770803695724 1.309583905385566 1.0]
[0.25544573891372613 1.8911405328372297e-08 0.966823393630305 0.0 0.04728557854825212 0.9988032775255975 -0.012493407297077118 0.0 -0.9656663745827727 0.04890819118034547 0.25514004036222926 0.0 -4.590846614289965 1.092220146055146 1.1641853467204906 1.0]
[0.2554457390568448 -1.7315626851718854e-08 0.966823393592492 0.0 -0.0504187235853161 0.998639314198172 0.01332121821426477 0.0 -0.9655078509582062 -0.05214884986923747 0.25509815679511105 0.0 -4.6135165824606466 0.6127932084650645 1.1701750102013067 1.0]
[0.25545212736984346 3.366063865355425e-08 0.9668217056921292 0.0 -0.12786286559979362 0.9912162981272732 0.033783692951354055 0.0 -0.9583294309273844 -0.13225071005177963 0.25320831634672225 0.0 -4.618168621649265 0.2539685529575833 1.047768576990513 1.0]
[0.1601572659930548 3.140670790216507e-09 0.9870914924492937 0.0 -0.13054916062909422 0.9912155399171552 0.02118181918073337 0.0 -0.9784204265676453 -0.13225639275146384 0.15875037129426267 0.0 -4.6990215124892645 0.25396855287063586 0.6575995369994913 1.0]
[0.11147047563787649 -1.191184884982701e-08 0.9937677460352572 0.0 -0.09352482799864528 0.9955616770548872 0.010490649313009809 0.0 -0.9893570839709063 -0.09411135518733532 0.11097573255386396 0.0 -4.7572054968629915 0.5688869836985484 0.4617892087457708 1.0]
[0.11146891062902625 1.5221880931287358e-08 0.9937679215808781 0.0 0.044952802267444365 0.9989763828606422 -0.005042278982844191 0.0 -0.9927506837804583 0.04523471022385964 0.11135480845821472 0.0 -4.754182557985842 1.205524014373152 0.4614500640088274 1.0]
[0.20449603231193625 7.048511225109529e-08 0.9788673928416842 0.0 0.09200187717498097 0.995573316748156 -0.01922026329468174 0.0 -0.9745342583019219 0.09398810523056729 0.20359078666988545 0.0 -4.714492592381665 1.211532808705973 0.779025629028586 1.0]
[0.1942343308537678 5.009892122619621e-08 0.9809551593818993 0.0 0.011309790867984114 0.9999332530530011 -0.002239449719453876 0.0 -0.9808896837372416 0.011529375721217028 0.19422136571241896 0.0 -4.849076443149746 0.9024555847210647 0.8004291614160954 1.0]
[0.045302657484662126 -6.297372031120672e-11 0.9989733066874715 0.0 0.010461025930694931 0.9999451694376116 -0.00047439927447224 0.0 -0.9989185324192251 0.010471777231506493 0.045300173515131194 0.0 -4.903790998072706 0.9024553575223029 0.20382034549408723 1.0]
