{"locations": [{"mat": [0.058963220566511154, 0.9816271662712097, 0.1814701408147812, 0.0, -0.9591156244277954, 0.005300253629684448, 0.28296488523483276, 0.0, 0.2768041789531708, -0.1907353699207306, 0.9418064951896667, 0.0, 0.8472285866737366, -1.047186255455017, 2.6688129901885986, 1.0], "id": 0}, {"mat": [0.11215471476316452, 0.9816271662712097, 0.15436771512031555, 0.0, -0.7978464365005493, -0.003645265009254217, 0.6028496623039246, 0.0, 0.5923363566398621, -0.19077417254447937, 0.7827789187431335, 0.0, 1.6327117681503296, -1.048363208770752, 2.2747557163238525, 1.0], "id": 1}, {"mat": [0.15436771512031555, 0.9816271662712097, 0.11215471476316452, 0.0, -0.5383766293525696, -0.011609627865254879, 0.8426243662834167, 0.0, 0.8284450769424438, -0.19045548141002655, 0.5266929864883423, 0.0, 2.254202365875244, -1.0517449378967285, 1.6610010862350464, 1.0], "id": 2}, {"mat": [0.1814701408147812, 0.9816271662712097, 0.058963220566511154, 0.0, -0.35117006301879883, 0.008680790662765503, 0.9362714290618896, 0.0, 0.9185576438903809, -0.19061142206192017, 0.3462933897972107, 0.0, 2.657006025314331, -1.0472490787506104, 0.8835669755935669, 1.0], "id": 3}, {"mat": [0.1908089965581894, 0.9816271662712097, -4.9483985724673896e-17, 0.0, -0.045104123651981354, 0.008767353370785713, 0.9989438056945801, 0.0, 0.9805904030799866, -0.1906074732542038, 0.045948322862386703, 0.0, 2.799999952316284, -1.0506855249404907, 0.006748704705387354, 1.0], "id": 4}, {"mat": [0.1814701408147812, 0.9816271662712097, -0.058963220566511154, 0.0, 0.2684168517589569, 0.00823909230530262, 0.9632676243782043, 0.0, 0.9460554718971252, -0.19063103199005127, -0.26199012994766235, 0.0, 2.6577818393707275, -1.0522809028625488, -0.8811787962913513, 1.0], "id": 5}, {"mat": [0.15436771512031555, 0.9816271662712097, -0.11215471476316452, 0.0, 0.5567434430122375, 0.007353415247052908, 0.8306519389152527, 0.0, 0.8162152171134949, -0.1906672567129135, -0.5453794002532959, 0.0, 2.274500608444214, -1.0523865222930908, -1.6330630779266357, 1.0], "id": 6}, {"mat": [0.11215471476316452, 0.9816271662712097, -0.15436771512031555, 0.0, 0.7729936242103577, 0.011432278901338577, 0.634310781955719, 0.0, 0.6244214773178101, -0.19046621024608612, -0.7575093507766724, 0.0, 1.6403825283050537, -1.0525262355804443, -2.2691826820373535, 1.0], "id": 7}, {"mat": [0.058963220566511154, 0.9816271662712097, -0.1814701408147812, 0.0, 0.9660081267356873, -0.010272575542330742, 0.2583075761795044, 0.0, 0.2516975700855255, -0.19053226709365845, -0.948865532875061, 0.0, 0.8473024964332581, -1.047037959098816, -2.6687889099121094, 1.0], "id": 8}, {"mat": [-3.7843489863243865e-17, 0.9816271662712097, -0.1908089965581894, 0.0, 0.9996490478515625, -0.005054614972323179, -0.02600374072790146, 0.0, -0.02649044431746006, -0.19074203073978424, -0.9812827110290527, 0.0, -0.0006574246217496693, -1.0482231378555298, -2.799999952316284, 1.0], "id": 9}, {"mat": [-0.058963220566511154, 0.9816271662712097, -0.1814701408147812, 0.0, 0.9508105516433716, -0.00015451300714630634, -0.30977287888526917, 0.0, -0.30410951375961304, -0.19080893695354462, -0.9333323836326599, 0.0, -0.8805269598960876, -1.0453033447265625, -2.6579935550689697, 1.0], "id": 10}, {"mat": [-0.11215471476316452, 0.9816271662712097, -0.15436771512031555, 0.0, 0.8070457577705383, -0.0006503296899609268, -0.5904885530471802, 0.0, -0.5797399878501892, -0.19080789387226105, -0.7921451330184937, 0.0, -1.648400902748108, -1.052004337310791, -2.263356924057007, 1.0], "id": 11}, {"mat": [-0.15436771512031555, 0.9816271662712097, -0.11215471476316452, 0.0, 0.5954540967941284, 0.001849208027124405, -0.8033871650695801, 0.0, -0.7884193062782288, -0.1908000409603119, -0.5847994089126587, 0.0, -2.272390127182007, -1.047599196434021, -1.6359679698944092, 1.0], "id": 12}, {"mat": [-0.1814701408147812, 0.9816271662712097, -0.058963220566511154, 0.0, 0.3435671329498291, 0.007105284836143255, -0.9391012191772461, 0.0, -0.921428382396698, -0.19067665934562683, -0.33854424953460693, 0.0, -2.6570732593536377, -1.0481692552566528, -0.8833596706390381, 1.0], "id": 13}, {"mat": [-0.1908089965581894, 0.9816271662712097, 2.6169317824715574e-17, 0.0, -0.019416119903326035, -0.0037741116248071194, -0.9998043775558472, 0.0, -0.9814351201057434, -0.1907716691493988, 0.019779525697231293, 0.0, -2.799999952316284, -1.053120493888855, 0.011577106080949306, 1.0], "id": 14}, {"mat": [-0.1814701408147812, 0.9816271662712097, 0.058963220566511154, 0.0, -0.3067786991596222, 0.00045729213161394, -0.9517807960510254, 0.0, -0.934320867061615, -0.19080844521522522, 0.3010593056678772, 0.0, -2.6608798503875732, -1.0494717359542847, 0.8716441988945007, 1.0], "id": 15}, {"mat": [-0.15436771512031555, 0.9816271662712097, 0.11215471476316452, 0.0, -0.592760443687439, -0.0011981541756540537, -0.8053779602050781, 0.0, -0.7904465198516846, -0.19080522656440735, 0.5820546746253967, 0.0, -2.2740256786346436, -1.0545365810394287, 1.6337167024612427, 1.0], "id": 16}, {"mat": [-0.11215471476316452, 0.9816271662712097, 0.15436771512031555, 0.0, -0.8235853910446167, -0.004906227812170982, -0.567171037197113, 0.0, -0.5559931397438049, -0.19074590504169464, 0.8090040683746338, 0.0, -1.6473510265350342, -1.0450271368026733, 2.264119863510132, 1.0], "id": 17}, {"mat": [-0.058963220566511154, 0.9816271662712097, 0.1814701408147812, 0.0, -0.95698082447052, -0.003848243970423937, -0.29012560844421387, 0.0, -0.2840968370437622, -0.19077017903327942, 0.9396253228187561, 0.0, -0.8664636015892029, -1.0549618005752563, 2.6625630855560303, 1.0], "id": 18}, {"mat": [6.115102084887708e-17, 0.9816271662712097, 0.1908089965581894, 0.0, -0.9986720085144043, -0.009830309078097343, 0.050572555512189865, 0.0, 0.051519107073545456, -0.190555602312088, 0.9803236126899719, 0.0, -0.0005849598674103618, -1.0499470233917236, 2.799999952316284, 1.0], "id": 19}, {"mat": [0.05235257372260094, 0.9909831881523132, 0.12333493679761887, 0.0, -0.9173109531402588, -0.0010945661924779415, 0.3981701135635376, 0.0, 0.394714891910553, -0.13398171961307526, 0.9089824557304382, 0.0, 1.106386423110962, -0.7969697713851929, 2.572175979614258, 1.0], "id": 20}, {"mat": [0.08790284395217896, 0.9909831881523132, 0.10112065821886063, 0.0, -0.7162554860115051, -0.007669852580875158, 0.6977959871292114, 0.0, 0.6922796964645386, -0.13376648724079132, 0.7091229557991028, 0.0, 1.847426176071167, -0.7955092191696167, 2.104093313217163, 1.0], "id": 21}, {"mat": [0.11484857648611069, 0.9909831881523132, 0.0690079852938652, 0.0, -0.562114953994751, 0.007554920390248299, 0.8270245790481567, 0.0, 0.819046139717102, -0.13377301394939423, 0.557914137840271, 0.0, 2.398871898651123, -0.800243616104126, 1.4440981149673462, 1.0], "id": 22}, {"mat": [0.13055212795734406, 0.9909831881523132, 0.030140332877635956, 0.0, -0.20553645491600037, -0.0026877233758568764, 0.9786457419395447, 0.0, 0.969902515411377, -0.13395921885967255, 0.20333229005336761, 0.0, 2.7322471141815186, -0.8028442859649658, 0.6124901175498962, 1.0], "id": 23}, {"mat": [0.13347633183002472, 0.9909831881523132, -0.011677665635943413, 0.0, 0.10189502686262131, -0.002001762157306075, 0.9947931170463562, 0.0, 0.9857999086380005, -0.1339712291955948, -0.10124345123767853, 0.0, 2.7909374237060547, -0.8035011291503906, -0.22583696246147156, 1.0], "id": 24}, {"mat": [0.12333493679761887, 0.9909831881523132, -0.05235257372260094, 0.0, 0.4330921769142151, -0.006285243202000856, 0.9013277292251587, 0.0, 0.8928715586662292, -0.1338386833667755, -0.42996227741241455, 0.0, 2.5701591968536377, -0.795233428478241, -1.1111376285552979, 1.0], "id": 25}, {"mat": [0.10112065821886063, 0.9909831881523132, -0.08790284395217896, 0.0, 0.6585853099822998, -0.0004532532475423068, 0.7525059580802917, 0.0, 0.7456808686256409, -0.13398541510105133, -0.6526927947998047, 0.0, 2.1169636249542236, -0.7964667081832886, -1.832620620727539, 1.0], "id": 26}, {"mat": [0.0690079852938652, 0.9909831881523132, -0.11484857648611069, 0.0, 0.838025689125061, 0.004875910002738237, 0.5456089377403259, 0.0, 0.5412492752075195, -0.13389743864536285, -0.8301329016685486, 0.0, 1.4455063343048096, -0.7972537279129028, -2.3980257511138916, 1.0], "id": 27}, {"mat": [0.030140332877635956, 0.9909831881523132, -0.13055212795734406, 0.0, 0.966681718826294, 0.004316988866776228, 0.2559450566768646, 0.0, 0.25420084595680237, -0.13391661643981934, -0.9578351974487305, 0.0, 0.6403220891952515, -0.797544002532959, -2.7258214950561523, 1.0], "id": 28}, {"mat": [-0.011677665635943413, 0.9909831881523132, -0.13347633183002472, 0.0, 0.9985660910606384, 0.004583156201988459, -0.05333597585558891, 0.0, -0.05224331095814705, -0.13390778005123138, -0.9896157383918762, 0.0, -0.24867002665996552, -0.8035061359405518, -2.7889397144317627, 1.0], "id": 29}, {"mat": [-0.05235257372260094, 0.9909831881523132, -0.12333493679761887, 0.0, 0.9167980551719666, -0.0012683944078162313, -0.3993490934371948, 0.0, -0.39590469002723694, -0.1339801847934723, -0.9084650874137878, 0.0, -1.1018404960632324, -0.7958419919013977, -2.5741055011749268, 1.0], "id": 30}, {"mat": [-0.08790284395217896, 0.9909831881523132, -0.10112065821886063, 0.0, 0.757493257522583, 0.0005751113640144467, -0.6528427600860596, 0.0, -0.6468980312347412, -0.13398495316505432, -0.7507136464118958, 0.0, -1.8505680561065674, -0.8031817078590393, -2.1013622283935547, 1.0], "id": 31}, {"mat": [-0.11484857648611069, 0.9909831881523132, -0.0690079852938652, 0.0, 0.4904283285140991, -0.003848304273560643, -0.8714730143547058, 0.0, -0.8638806939125061, -0.13393090665340424, -0.485564261674881, 0.0, -2.407646417617798, -0.8015122413635254, -1.4294947385787964, 1.0], "id": 32}, {"mat": [-0.13055212795734406, 0.9909831881523132, -0.030140332877635956, 0.0, 0.2679968774318695, 0.006004474125802517, -0.9634010791778564, 0.0, -0.9545332789421082, -0.1338515728712082, -0.26636430621147156, 0.0, -2.7308237552642822, -0.7983294725418091, -0.6186550259590149, 1.0], "id": 33}, {"mat": [-0.13347633183002472, 0.9909831881523132, 0.011677665635943413, 0.0, -0.10874290764331818, -0.002932682167738676, -0.9940655827522278, 0.0, -0.9850680232048035, -0.13395409286022186, 0.10815384238958359, 0.0, -2.7896766662597656, -0.7999237179756165, 0.24024739861488342, 1.0], "id": 34}, {"mat": [-0.12333493679761887, 0.9909831881523132, 0.05235257372260094, 0.0, -0.41261038184165955, -0.003230344271287322, -0.9109019041061401, 0.0, -0.9025193452835083, -0.1339472383260727, 0.4092883765697479, 0.0, -2.58463191986084, -0.7968150973320007, 1.077041745185852, 1.0], "id": 35}, {"mat": [-0.10112065821886063, 0.9909831881523132, 0.08790284395217896, 0.0, -0.6547004580497742, 0.00024319720978382975, -0.7558884024620056, 0.0, -0.7490940690040588, -0.1339859664440155, 0.6487725377082825, 0.0, -2.101405620574951, -0.8037845492362976, 1.8505181074142456, 1.0], "id": 36}, {"mat": [-0.0690079852938652, 0.9909831881523132, 0.11484857648611069, 0.0, -0.8319592475891113, 0.00636356882750988, -0.554800271987915, 0.0, -0.5505285859107971, -0.13383498787879944, 0.8240184783935547, 0.0, -1.440110445022583, -0.7971855401992798, 2.4012677669525146, 1.0], "id": 37}, {"mat": [-0.030140332877635956, 0.9909831881523132, 0.13055212795734406, 0.0, -0.9803629517555237, -0.003842914244160056, -0.19716417789459229, 0.0, -0.19488468766212463, -0.13393107056617737, 0.9716390371322632, 0.0, -0.6393635869026184, -0.8022136092185974, 2.7260427474975586, 1.0], "id": 38}, {"mat": [0.011677665635943413, 0.9909831881523132, 0.13347633183002472, 0.0, -0.990001916885376, -0.007307061925530434, 0.14086458086967468, 0.0, 0.1405697464942932, -0.13378678262233734, 0.980989933013916, 0.0, 0.2274276465177536, -0.8008740544319153, 2.7907981872558594, 1.0], "id": 39}, {"mat": [0.03601740300655365, 0.9970527291297913, 0.06773888319730759, 0.0, -0.9038333892822266, 0.0035808770917356014, 0.427869588136673, 0.0, 0.4263659715652466, -0.07663541287183762, 0.9012985229492188, 0.0, 1.2971231937408447, -0.5494131445884705, 2.481503486633301, 1.0], "id": 40}, {"mat": [0.05518705025315285, 0.9970527291297913, 0.053293514996767044, 0.0, -0.6634344458580017, -0.0032723129261285067, 0.7482272386550903, 0.0, 0.746196448802948, -0.07664921134710312, 0.6612985730171204, 0.0, 2.0196619033813477, -0.5533168911933899, 1.9393372535705566, 1.0], "id": 41}, {"mat": [0.06895460933446884, 0.9970527291297913, 0.03363140672445297, 0.0, -0.4337560534477234, -0.00039460218977183104, 0.9010302424430847, 0.0, 0.8983879685401917, -0.07671801000833511, 0.43245044350624084, 0.0, 2.5204575061798096, -0.5514947772026062, 1.2195780277252197, 1.0], "id": 42}, {"mat": [0.07597240060567856, 0.9970527291297913, 0.010677224956452847, 0.0, -0.13309435546398163, -0.00047212629579007626, 0.9911032319068909, 0.0, 0.9881872534751892, -0.07671757787466049, 0.13266621530056, 0.0, 2.771981954574585, -0.5500416159629822, 0.39515334367752075, 1.0], "id": 43}, {"mat": [0.07555349171161652, 0.9970527291297913, -0.013322119601070881, 0.0, 0.1815701723098755, -0.0006194096058607101, 0.9833778142929077, 0.0, 0.9804713129997253, -0.07671652734279633, -0.1810818314552307, 0.0, 2.7601981163024902, -0.5481932163238525, -0.4706953167915344, 1.0], "id": 44}, {"mat": [0.06773888319730759, 0.9970527291297913, -0.03601740300655365, 0.0, 0.46363046765327454, 0.0005081331473775208, 0.886028528213501, 0.0, 0.8834354877471924, -0.07671734690666199, -0.4622296094894409, 0.0, 2.4628958702087402, -0.5467270612716675, -1.3321189880371094, 1.0], "id": 45}, {"mat": [0.053293514996767044, 0.9970527291297913, -0.05518705025315285, 0.0, 0.760013222694397, -0.004651919007301331, 0.6498909592628479, 0.0, 0.6477188467979431, -0.07657786458730698, -0.7580211758613586, 0.0, 1.9319343566894531, -0.5507606863975525, -2.026810646057129, 1.0], "id": 46}, {"mat": [0.03363140672445297, 0.9970527291297913, -0.06895460933446884, 0.0, 0.9118300080299377, -0.0023630086798220873, 0.4105611741542816, 0.0, 0.4091881811618805, -0.07668262720108032, -0.9092220664024353, 0.0, 1.210956335067749, -0.5489853024482727, -2.524662494659424, 1.0], "id": 47}, {"mat": [0.010677224956452847, 0.9970527291297913, -0.07597240060567856, 0.0, 0.9855778813362122, 0.002338670426979661, 0.16920636594295502, 0.0, 0.16888535022735596, -0.07668337225914001, -0.9826481342315674, 0.0, 0.39593505859375, -0.5471415519714355, -2.771872043609619, 1.0], "id": 48}, {"mat": [-0.013322119601070881, 0.9970527291297913, -0.07555349171161652, 0.0, 0.9877458810806274, 0.0013716805260628462, -0.15606465935707092, 0.0, -0.15550106763839722, -0.07670676708221436, -0.9848530292510986, 0.0, -0.4941701591014862, -0.5483328104019165, -2.756058931350708, 1.0], "id": 49}, {"mat": [-0.03601740300655365, 0.9970527291297913, -0.06773888319730759, 0.0, 0.8810096979141235, -0.0003163896326441318, -0.47309812903404236, 0.0, -0.4717252254486084, -0.07671837508678436, -0.8784017562866211, 0.0, -1.3018527030944824, -0.547938883304596, -2.4789888858795166, 1.0], "id": 50}, {"mat": [-0.05518705025315285, 0.9970527291297913, -0.053293514996767044, 0.0, 0.666805624961853, -0.002925294917076826, -0.7452259063720703, 0.0, -0.7431854605674744, -0.07666324079036713, -0.6646789312362671, 0.0, -2.015239715576172, -0.5499269962310791, -1.9439164400100708, 1.0], "id": 51}, {"mat": [-0.06895460933446884, 0.9970527291297913, -0.03363140672445297, 0.0, 0.40803685784339905, -0.0025757625699043274, -0.9129618406295776, 0.0, -0.9103577136993408, -0.07667578011751175, -0.4066566526889801, 0.0, -2.523139238357544, -0.5509131550788879, -1.214079737663269, 1.0], "id": 52}, {"mat": [-0.07597240060567856, 0.9970527291297913, -0.010677224956452847, 0.0, 0.17126739025115967, 0.002499531488865614, -0.9852213859558105, 0.0, -0.982291042804718, -0.07667829841375351, -0.17095251381397247, 0.0, -2.770197868347168, -0.5467429757118225, -0.4078487455844879, 1.0], "id": 53}, {"mat": [-0.07555349171161652, 0.9970527291297913, 0.013322119601070881, 0.0, -0.15178725123405457, 0.001704705529846251, -0.9884117245674133, 0.0, -0.9855213165283203, -0.07670008391141891, 0.15121111273765564, 0.0, -2.7545104026794434, -0.5454254746437073, 0.5029519200325012, 1.0], "id": 54}, {"mat": [-0.06773888319730759, 0.9970527291297913, 0.03601740300655365, 0.0, -0.5088075399398804, -0.0034698627423495054, -0.860873281955719, 0.0, -0.858211100101471, -0.07664051651954651, 0.5075430274009705, 0.0, -2.4809353351593018, -0.5455538034439087, 1.298191785812378, 1.0], "id": 55}, {"mat": [-0.053293514996767044, 0.9970527291297913, 0.05518705025315285, 0.0, -0.6893348693847656, 0.003251969814300537, -0.724435567855835, 0.0, -0.7224799394607544, -0.07665007561445236, 0.6871299147605896, 0.0, -1.9447654485702515, -0.5524061322212219, 2.0144197940826416, 1.0], "id": 56}, {"mat": [-0.03363140672445297, 0.9970527291297913, 0.06895460933446884, 0.0, -0.8932386636734009, 0.0009626976097933948, -0.4495817720890045, 0.0, -0.448323130607605, -0.07671298831701279, 0.8905736804008484, 0.0, -1.2152172327041626, -0.5546709299087524, 2.5225844383239746, 1.0], "id": 57}, {"mat": [-0.010677224956452847, 0.9970527291297913, 0.07597240060567856, 0.0, -0.9873494505882263, 0.0015078725991770625, -0.15855206549167633, 0.0, -0.15819932520389557, -0.07670421153306961, 0.9844233989715576, 0.0, -0.37337905168533325, -0.5471199750900269, 2.7750422954559326, 1.0], "id": 58}, {"mat": [0.013322119601070881, 0.9970527291297913, 0.07555349171161652, 0.0, -0.9745259284973145, -0.0039710430428385735, 0.22423967719078064, 0.0, 0.22387880086898804, -0.07661619037389755, 0.9716008901596069, 0.0, 0.4927358627319336, -0.5515986084938049, 2.7563118934631348, 1.0], "id": 59}, {"mat": [0.010455676354467869, 0.9998157024383545, 0.016100330278277397, 0.0, -0.8624764084815979, 0.0008696125587448478, 0.5060965418815613, 0.0, 0.5059893131256104, -0.019177736714482307, 0.8623265027999878, 0.0, 1.5237118005752563, -0.2963569164276123, 2.349107265472412, 1.0], "id": 60}, {"mat": [0.014919214881956577, 0.9998157024383545, 0.012081341817975044, 0.0, -0.6150891780853271, -0.0003490412200335413, 0.788457453250885, 0.0, 0.7883163690567017, -0.01919426955282688, 0.6149706244468689, 0.0, 2.180483341217041, -0.29952797293663025, 1.7565714120864868, 1.0], "id": 61}, {"mat": [0.017922356724739075, 0.9998157024383545, 0.006879747845232487, 0.0, -0.3398459255695343, -0.00037950259866192937, 0.9404810667037964, 0.0, 0.9403103590011597, -0.01919369027018547, 0.33977651596069336, 0.0, 2.61134934425354, -0.30209460854530334, 1.0104010105133057, 1.0], "id": 62}, {"mat": [0.019171133637428284, 0.9998157024383545, 0.0010047164978459477, 0.0, -0.060296185314655304, 0.00015308598813135177, 0.9981805086135864, 0.0, 0.9979963898658752, -0.019196832552552223, 0.06028800830245018, 0.0, 2.7963271141052246, -0.30228739976882935, 0.1434033066034317, 1.0], "id": 63}, {"mat": [0.01854330487549305, 0.9998157024383545, -0.004968663677573204, 0.0, 0.20646800100803375, 0.0010331942467018962, 0.9784528017044067, 0.0, 0.9782776236534119, -0.01916961930692196, -0.20641079545021057, 0.0, 2.7021713256835938, -0.29736605286598206, -0.73372882604599, 1.0], "id": 64}, {"mat": [0.016100330278277397, 0.9998157024383545, -0.010455676354467869, 0.0, 0.5617967247962952, -0.00039546412881463766, 0.8272752165794373, 0.0, 0.8271185755729675, -0.019193368032574654, -0.5616995692253113, 0.0, 2.340031623840332, -0.2997686266899109, -1.5376869440078735, 1.0], "id": 65}, {"mat": [0.012081341817975044, 0.9998157024383545, -0.014919214881956577, 0.0, 0.784071147441864, -0.000212748913327232, 0.6206709146499634, 0.0, 0.6205533146858215, -0.01919626258313656, -0.7839292287826538, 0.0, 1.7772578001022339, -0.3023536801338196, -2.163731813430786, 1.0], "id": 66}, {"mat": [0.006879747845232487, 0.9998157024383545, -0.017922356724739075, 0.0, 0.9182711243629456, 0.0007790515082888305, 0.39595139026641846, 0.0, 0.3958923816680908, -0.01918162778019905, -0.9180965423583984, 0.0, 1.0219449996948242, -0.2967991530895233, -2.6069180965423584, 1.0], "id": 67}, {"mat": [0.0010047164978459477, 0.9998157024383545, -0.019171133637428284, 0.0, 0.997473955154419, 0.0003596582100726664, 0.07103234529495239, 0.0, 0.07102614641189575, -0.019194073975086212, -0.997289776802063, 0.0, 0.14101441204547882, -0.30307871103286743, -2.796452283859253, 1.0], "id": 68}, {"mat": [-0.004968663677573204, 0.9998157024383545, -0.01854330487549305, 0.0, 0.9774994850158691, 0.0009455937542952597, -0.2109357863664627, 0.0, -0.2108793705701828, -0.019174139946699142, -0.9773240089416504, 0.0, -0.719916582107544, -0.3015115261077881, -2.7058722972869873, 1.0], "id": 69}, {"mat": [-0.010455676354467869, 0.9998157024383545, -0.016100330278277397, 0.0, 0.8616725206375122, 0.0008391861338168383, -0.5074639916419983, 0.0, -0.5073570013046265, -0.0191790908575058, -0.8615224957466125, 0.0, -1.5295801162719727, -0.3041304349899292, -2.3452963829040527, 1.0], "id": 70}, {"mat": [-0.014919214881956577, 0.9998157024383545, -0.012081341817975044, 0.0, 0.6592303514480591, 0.0007508854032494128, -0.7519406676292419, 0.0, -0.7517930269241333, -0.019182750955224037, -0.6591200828552246, 0.0, -2.1841485500335693, -0.2986442744731903, -1.7520452737808228, 1.0], "id": 71}, {"mat": [-0.017922356724739075, 0.9998157024383545, -0.006879747845232487, 0.0, 0.3453250527381897, -0.00026753783458843827, -0.9384831190109253, 0.0, -0.9383119940757751, -0.01919557899236679, -0.34525662660598755, 0.0, -2.6088225841522217, -0.30200091004371643, -1.0169836282730103, 1.0], "id": 72}, {"mat": [-0.019171133637428284, 0.9998157024383545, -0.0010047164978459477, 0.0, 0.059127043932676315, 0.00013059780758339912, -0.9982504844665527, 0.0, -0.9980663657188416, -0.019196998327970505, -0.05911865085363388, 0.0, -2.7966837882995605, -0.29640766978263855, -0.13659819960594177, 1.0], "id": 73}, {"mat": [-0.01854330487549305, 0.9998157024383545, 0.004968663677573204, 0.0, -0.2053252011537552, 0.0010555842891335487, -0.9786932468414307, 0.0, -0.9785181283950806, -0.019168399274349213, 0.2052677869796753, 0.0, -2.706139326095581, -0.3010784983634949, 0.7189202308654785, 1.0], "id": 74}, {"mat": [-0.016100330278277397, 0.9998157024383545, 0.010455676354467869, 0.0, -0.5726057887077332, -0.0006473782123066485, -0.819830596446991, 0.0, -0.819672703742981, -0.01918652467429638, 0.5725107192993164, 0.0, -2.33939790725708, -0.2983585000038147, 1.5386629104614258, 1.0], "id": 75}, {"mat": [-0.012081341817975044, 0.9998157024383545, 0.014919214881956577, 0.0, -0.804192066192627, -0.0008483575074933469, -0.5943689346313477, 0.0, -0.5942467451095581, -0.019178688526153564, 0.8040540814399719, 0.0, -1.7743337154388428, -0.29651564359664917, 2.166099786758423, 1.0], "id": 76}, {"mat": [-0.006879747845232487, 0.9998157024383545, 0.017922356724739075, 0.0, -0.9183654189109802, 0.000774481100961566, -0.3957326412200928, 0.0, -0.39567357301712036, -0.019181814044713974, 0.9181908965110779, 0.0, -1.0022509098052979, -0.3025636076927185, 2.6144778728485107, 1.0], "id": 77}, {"mat": [-0.0010047164978459477, 0.9998157024383545, 0.019171133637428284, 0.0, -0.9992407560348511, -0.0002571027143858373, -0.038959529250860214, 0.0, -0.03894742205739021, -0.019195720553398132, 0.999056875705719, 0.0, -0.16489242017269135, -0.30230405926704407, 2.795200824737549, 1.0], "id": 78}, {"mat": [0.004968663677573204, 0.9998157024383545, 0.01854330487549305, 0.0, -0.9669972658157349, 8.011046884348616e-05, 0.25478675961494446, 0.0, 0.25473830103874207, -0.01919727586209774, 0.9668194651603699, 0.0, 0.7205885648727417, -0.30048373341560364, 2.7056922912597656, 1.0], "id": 79}, {"mat": [-0.023633895441889763, 0.9992629289627075, -0.030250007286667824, 0.0, -0.8191221952438354, -0.0020086532458662987, 0.573615550994873, 0.0, 0.5731320381164551, 0.038335222750902176, 0.8185659050941467, 0.0, 1.7375646829605103, -0.04750191047787666, 2.195716619491577, 1.0], "id": 80}, {"mat": [-0.03182493522763252, 0.9992629289627075, -0.021466189995408058, 0.0, -0.5839691162109375, -0.0011599165154621005, 0.8117750287055969, 0.0, 0.8111518025398254, 0.038370281457901, 0.5835756063461304, 0.0, 2.3184261322021484, -0.051753997802734375, 1.5700085163116455, 1.0], "id": 81}, {"mat": [-0.036900728940963745, 0.9992629289627075, -0.010581114329397678, 0.0, -0.24339748919010162, 0.0012822954449802637, 0.9699257612228394, 0.0, 0.9692244529724121, 0.03836638480424881, 0.24317076802253723, 0.0, 2.6951394081115723, -0.04821281507611275, 0.759207010269165, 1.0], "id": 82}, {"mat": [-0.03836442530155182, 0.9992629289627075, 0.0013397152069956064, 0.0, 0.07684999704360962, 0.0016137439524754882, 0.9970413446426392, 0.0, 0.9963042736053467, 0.038353875279426575, -0.07685526460409164, 0.0, 2.7984113693237305, -0.049453020095825195, -0.09436362236738205, 1.0], "id": 83}, {"mat": [-0.0360727421939373, 0.9992629289627075, 0.013129403814673424, 0.0, 0.3654261827468872, 0.0009612609283067286, 0.9308398365974426, 0.0, 0.9301410913467407, 0.038375772535800934, -0.3651915192604065, 0.0, 2.633437156677246, -0.04695040360093117, -0.9513430595397949, 1.0], "id": 84}, {"mat": [-0.030250007286667824, 0.9992629289627075, 0.023633895441889763, 0.0, 0.6062356233596802, -0.0004573870392050594, 0.7952849864959717, 0.0, 0.7947095632553101, 0.03838508576154709, -0.6057749390602112, 0.0, 2.216323137283325, -0.049097202718257904, -1.7111896276474, 1.0], "id": 85}, {"mat": [-0.021466189995408058, 0.9992629289627075, 0.03182493522763252, 0.0, 0.8179289698600769, -0.0007522166706621647, 0.5753186941146851, 0.0, 0.5749185681343079, 0.03838044032454491, -0.8173099756240845, 0.0, 1.5506309270858765, -0.050491221249103546, -2.331496477127075, 1.0], "id": 86}, {"mat": [-0.010581114329397678, 0.9992629289627075, 0.036900728940963745, 0.0, 0.9760012030601501, 0.002293623983860016, 0.21775305271148682, 0.0, 0.21750791370868683, 0.03831922635436058, -0.9753060936927795, 0.0, 0.7555826902389526, -0.04500245675444603, -2.696178674697876, 1.0], "id": 87}, {"mat": [0.0013397152069956064, 0.9992629289627075, 0.03836442530155182, 0.0, 0.9965406060218811, 0.001853841939009726, -0.08308625221252441, 0.0, -0.08309613168239594, 0.03834301978349686, -0.9958035945892334, 0.0, -0.11167095601558685, -0.053898125886917114, -2.797806978225708, 1.0], "id": 88}, {"mat": [0.013129403814673424, 0.9992629289627075, 0.0360727421939373, 0.0, 0.9229949116706848, 0.001764008542522788, -0.3848080635070801, 0.0, -0.3845880627632141, 0.038347259163856506, -0.9222914576530457, 0.0, -0.9643999934196472, -0.045973122119903564, -2.6286847591400146, 1.0], "id": 89}, {"mat": [0.023633895441889763, 0.9992629289627075, 0.030250007286667824, 0.0, 0.7655734419822693, 0.0013687798054888844, -0.6433470845222473, 0.0, -0.6429142951965332, 0.03836339712142944, -0.7649767994880676, 0.0, -1.7195292711257935, -0.04612693935632706, -2.2098073959350586, 1.0], "id": 90}, {"mat": [0.03182493522763252, 0.9992629289627075, 0.021466189995408058, 0.0, 0.5694934129714966, -0.0004793279222212732, -0.821995735168457, 0.0, -0.8213796019554138, 0.0383848175406456, -0.5690889358520508, 0.0, -2.3176827430725098, -0.04844874143600464, -1.571110725402832, 1.0], "id": 91}, {"mat": [0.036900728940963745, 0.9992629289627075, 0.010581114329397678, 0.0, 0.32192954421043396, -0.0018630134873092175, -0.9467617869377136, 0.0, -0.9460442662239075, 0.03834257647395134, -0.32176098227500916, 0.0, -2.69409441947937, -0.05104749649763107, -0.7628512382507324, 1.0], "id": 92}, {"mat": [0.03836442530155182, 0.9992629289627075, -0.0013397152069956064, 0.0, -0.01181776262819767, -0.0008868931909091771, -0.9999297857284546, 0.0, -0.9991939067840576, 0.038377564400434494, 0.011775026097893715, 0.0, -2.798339366912842, -0.04623303934931755, 0.09642565250396729, 1.0], "id": 93}, {"mat": [0.0360727421939373, 0.9992629289627075, -0.013129403814673424, 0.0, -0.28847914934158325, -0.002166553633287549, -0.95748370885849, 0.0, -0.9568064212799072, 0.03832662105560303, 0.2881883680820465, 0.0, -2.6379384994506836, -0.049420829862356186, 0.938975989818573, 1.0], "id": 94}, {"mat": [0.030250007286667824, 0.9992629289627075, -0.023633895441889763, 0.0, -0.6086632609367371, -0.00033999208244495094, -0.7934285998344421, 0.0, -0.7928518056869507, 0.038386303931474686, 0.6082043051719666, 0.0, -2.2109224796295166, -0.054087817668914795, 1.718102216720581, 1.0], "id": 95}, {"mat": [0.021466189995408058, 0.9992629289627075, -0.03182493522763252, 0.0, -0.829705536365509, 4.5929009502287954e-05, -0.5582013130187988, 0.0, -0.5577884316444397, 0.038387782871723175, 0.8290949463844299, 0.0, -1.5683990716934204, -0.050445638597011566, 2.319511651992798, 1.0], "id": 96}, {"mat": [0.010581114329397678, 0.9992629289627075, -0.036900728940963745, 0.0, -0.9697917103767395, 0.0012611617567017674, -0.2439313381910324, 0.0, -0.24370500445365906, 0.03836708515882492, 0.9690902233123779, 0.0, -0.7672028541564941, -0.04822641238570213, 2.6928465366363525, 1.0], "id": 97}, {"mat": [-0.0013397152069956064, 0.9992629289627075, -0.03836442530155182, 0.0, -0.999973475933075, -0.0016134096076712012, -0.007103996817022562, 0.0, -0.00716065801680088, 0.03835389018058777, 0.9992385506629944, 0.0, 0.11315063387155533, -0.047397080808877945, 2.797755479812622, 1.0], "id": 98}, {"mat": [-0.013129403814673424, 0.9992629289627075, -0.0360727421939373, 0.0, -0.958470344543457, -0.002298508072271943, 0.2851829528808594, 0.0, 0.284889817237854, 0.0383189357817173, 0.9577940702438354, 0.0, 0.9727447628974915, -0.05441227927803993, 2.62564754486084, 1.0], "id": 99}, {"mat": [-0.06536664813756943, 0.9953961968421936, -0.07009714841842651, 0.0, -0.7595279216766357, -0.0040710074827075005, 0.6504619717597961, 0.0, 0.6471819877624512, 0.09575925767421722, 0.7562972903251648, 0.0, 1.8972914218902588, 0.20002035796642303, 2.0592639446258545, 1.0], "id": 100}, {"mat": [-0.08382858335971832, 0.9953961968421936, -0.04646694287657738, 0.0, -0.4758419990539551, 0.0009844516171142459, 0.8795302510261536, 0.0, 0.8755267858505249, 0.0958406999707222, 0.47356879711151123, 0.0, 2.442408323287964, 0.19536827504634857, 1.369241714477539, 1.0], "id": 101}, {"mat": [-0.09408479928970337, 0.9953961968421936, -0.018288232386112213, 0.0, -0.1768740564584732, 0.0013649979373440146, 0.9842325448989868, 0.0, 0.9797263145446777, 0.09583602845668793, 0.17593133449554443, 0.0, 2.747134208679199, 0.1975686401128769, 0.541580080986023, 1.0], "id": 102}, {"mat": [-0.09513133019208908, 0.9953961968421936, 0.011680658906698227, 0.0, 0.158467099070549, 0.0035585786681622267, 0.9873578548431396, 0.0, 0.9827706813812256, 0.0957796648144722, -0.15807607769966125, 0.0, 2.7812037467956543, 0.19979290664196014, -0.3243383467197418, 1.0], "id": 103}, {"mat": [-0.08686575293540955, 0.9953961968421936, 0.040506165474653244, 0.0, 0.3935491442680359, -0.0030654247384518385, 0.9192984700202942, 0.0, 0.9151903390884399, 0.09579671919345856, -0.3914710581302643, 0.0, 2.539966583251953, 0.20463933050632477, -1.1783884763717651, 1.0], "id": 104}, {"mat": [-0.07009714841842651, 0.9953961968421936, 0.06536664813756943, 0.0, 0.7105094194412231, 0.0038252666126936674, 0.7036772966384888, 0.0, 0.7001876831054688, 0.09576939046382904, -0.7075064778327942, 0.0, 2.0589423179626465, 0.1965583860874176, -1.8976364135742188, 1.0], "id": 105}, {"mat": [-0.04646694287657738, 0.9953961968421936, 0.08382858335971832, 0.0, 0.8594229817390442, -0.0029366984963417053, 0.5112568140029907, 0.0, 0.5091493129730225, 0.09580074995756149, -0.8553298711776733, 0.0, 1.351422905921936, 0.19818899035453796, -2.4522855281829834, 1.0], "id": 106}, {"mat": [-0.018288232386112213, 0.9953961968421936, 0.09408479928970337, 0.0, 0.9890261888504028, 0.00421247398480773, 0.14768017828464508, 0.0, 0.14660395681858063, 0.09575314074754715, -0.9845499396324158, 0.0, 0.5155044794082642, 0.19591833651065826, -2.7522027492523193, 1.0], "id": 107}, {"mat": [0.011680658906698227, 0.9953961968421936, 0.09513133019208908, 0.0, 0.9868420362472534, 0.0038679861463606358, -0.1616412103176117, 0.0, -0.16126501560211182, 0.09576766937971115, -0.9822536110877991, 0.0, -0.33050522208213806, 0.20198622345924377, -2.7804465293884277, 1.0], "id": 108}, {"mat": [0.040506165474653244, 0.9953961968421936, 0.08686575293540955, 0.0, 0.9064256548881531, -2.6860770958592184e-05, -0.4223654270172119, 0.0, -0.4204185903072357, 0.09584575146436691, -0.9022537469863892, 0.0, -1.1776789426803589, 0.19831669330596924, -2.540297508239746, 1.0], "id": 109}, {"mat": [0.06536664813756943, 0.9953961968421936, 0.07009714841842651, 0.0, 0.7688259482383728, -0.0054581440053880215, -0.639434814453125, 0.0, -0.6361083984375, 0.09569021314382553, -0.7656431794166565, 0.0, -1.9089070558547974, 0.20311371982097626, -2.0484323501586914, 1.0], "id": 110}, {"mat": [0.08382858335971832, 0.9953961968421936, 0.04646694287657738, 0.0, 0.4822559952735901, 0.0002809049910865724, -0.8760302662849426, 0.0, -0.8720102906227112, 0.09584534168243408, -0.4800122380256653, 0.0, -2.443169355392456, 0.20060211420059204, -1.3678689002990723, 1.0], "id": 111}, {"mat": [0.09408479928970337, 0.9953961968421936, 0.018288232386112213, 0.0, 0.14664427936077118, 0.0043132109567523, -0.9891799092292786, 0.0, -0.9847047924995422, 0.0957486554980278, -0.14556334912776947, 0.0, -2.7476646900177, 0.19503147900104523, -0.5388507843017578, 1.0], "id": 112}, {"mat": [0.09513133019208908, 0.9953961968421936, -0.011680658906698227, 0.0, -0.15525953471660614, 0.003246036358177662, -0.9878683686256409, 0.0, -0.9832825064659119, 0.09579076617956161, 0.15485353767871857, 0.0, -2.7793989181518555, 0.20162931084632874, 0.33903762698173523, 1.0], "id": 113}, {"mat": [0.08686575293540955, 0.9953961968421936, -0.040506165474653244, 0.0, -0.4705143868923187, 0.0051535917446017265, -0.8823772668838501, 0.0, -0.8781062364578247, 0.09570709615945816, 0.46879589557647705, 0.0, -2.5448288917541504, 0.20026728510856628, 1.1679612398147583, 1.0], "id": 114}, {"mat": [0.07009714841842651, 0.9953961968421936, -0.06536664813756943, 0.0, -0.7022815346717834, 0.0027062552981078625, -0.711894154548645, 0.0, -0.7084398865699768, 0.09580753743648529, 0.6992380619049072, 0.0, -2.0525407791137695, 0.19693681597709656, 1.90450119972229, 1.0], "id": 115}, {"mat": [0.04646694287657738, 0.9953961968421936, -0.08382858335971832, 0.0, -0.8774429559707642, 0.0005637381691485643, -0.4796806573867798, 0.0, -0.4774250388145447, 0.0958440974354744, 0.8734295964241028, 0.0, -1.341130256652832, 0.20263129472732544, 2.4579906463623047, 1.0], "id": 116}, {"mat": [0.018288232386112213, 0.9953961968421936, -0.09408479928970337, 0.0, -0.9854351282119751, 0.0020330853294581175, -0.1700395941734314, 0.0, -0.16906549036502838, 0.09582418948411942, 0.9809355735778809, 0.0, -0.5321916937828064, 0.20413683354854584, 2.7489590644836426, 1.0], "id": 117}, {"mat": [-0.011680658906698227, 0.9953961968421936, -0.09513133019208908, 0.0, -0.997754693031311, -0.00532776303589344, 0.06676241010427475, 0.0, 0.06594821065664291, 0.0956975594162941, 0.9932234287261963, 0.0, 0.35639020800590515, 0.20199976861476898, 2.777268409729004, 1.0], "id": 118}, {"mat": [-0.040506165474653244, 0.9953961968421936, -0.08686575293540955, 0.0, -0.8823067545890808, 0.005167989060282707, 0.470646470785141, 0.0, 0.46892863512039185, 0.09570632129907608, 0.8780354261398315, 0.0, 1.19527006149292, 0.1952606439590454, 2.532094717025757, 1.0], "id": 119}, {"mat": [-0.11369062960147858, 0.9882283806800842, -0.10236750543117523, 0.0, -0.644080638885498, 0.0051396009512245655, 0.7649403214454651, 0.0, 0.7564618587493896, 0.15289947390556335, 0.6359144449234009, 0.0, 2.0783772468566895, 0.4486551582813263, 1.8762626647949219, 1.0], "id": 120}, {"mat": [-0.13975951075553894, 0.9882283806800842, -0.06222494691610336, 0.0, -0.4464295506477356, -0.006794312968850136, 0.8947929739952087, 0.0, 0.8838370442390442, 0.15283489227294922, 0.4421239197254181, 0.0, 2.5546889305114746, 0.4452660083770752, 1.1461361646652222, 1.0], "id": 121}, {"mat": [-0.15214776992797852, 0.9882283806800842, -0.015991374850273132, 0.0, -0.13497303426265717, -0.0047468640841543674, 0.9908378720283508, 0.0, 0.9790982007980347, 0.1529121696949005, 0.13410641252994537, 0.0, 2.784383773803711, 0.44628724455833435, 0.2953197956085205, 1.0], "id": 122}, {"mat": [-0.1496427357196808, 0.9882283806800842, 0.0318075455725193, 0.0, 0.26042917370796204, 0.008360948413610458, 0.9654567241668701, 0.0, 0.953825831413269, 0.1527571976184845, -0.2586146593093872, 0.0, 2.7401254177093506, 0.453494668006897, -0.5759798884391785, 1.0], "id": 123}, {"mat": [-0.1324896216392517, 0.9882283806800842, 0.07649292051792145, 0.0, 0.4838070571422577, -0.0028787758201360703, 0.8751699328422546, 0.0, 0.8650879859924316, 0.15295875072479248, -0.47773048281669617, 0.0, 2.4163475036621094, 0.4493410587310791, -1.4147632122039795, 1.0], "id": 124}, {"mat": [-0.10236750543117523, 0.9882283806800842, 0.11369062960147858, 0.0, 0.7125313878059387, -0.006907306611537933, 0.7016062140464783, 0.0, 0.6941325068473816, 0.1528298258781433, -0.7034366726875305, 0.0, 1.8828377723693848, 0.45274457335472107, -2.0724568367004395, 1.0], "id": 125}, {"mat": [-0.06222494691610336, 0.9882283806800842, 0.13975951075553894, 0.0, 0.915532112121582, 0.0007604397833347321, 0.4022441506385803, 0.0, 0.397402822971344, 0.15298394858837128, -0.904802143573761, 0.0, 1.1430113315582275, 0.4535471796989441, -2.5560801029205322, 1.0], "id": 126}, {"mat": [-0.015991374850273132, 0.9882283806800842, 0.15214776992797852, 0.0, 0.9960315823554993, 0.002420153934508562, 0.08896777778863907, 0.0, 0.0875522643327713, 0.1529666930437088, -0.9843453764915466, 0.0, 0.29229167103767395, 0.4529251456260681, -2.7847020626068115, 1.0], "id": 127}, {"mat": [0.0318075455725193, 0.9882283806800842, 0.1496427357196808, 0.0, 0.971095860004425, 0.004880014806985855, -0.23864001035690308, 0.0, -0.23656108975410461, 0.15290798246860504, -0.9595092535018921, 0.0, -0.5885577201843262, 0.4511220455169678, -2.7374517917633057, 1.0], "id": 128}, {"mat": [0.07649292051792145, 0.9882283806800842, 0.1324896216392517, 0.0, 0.8789041042327881, -0.004082974046468735, -0.476980984210968, 0.0, -0.4708251953125, 0.152931347489357, -0.8688703179359436, 0.0, -1.4162169694900513, 0.45271870493888855, -2.415508270263672, 1.0], "id": 129}, {"mat": [0.11369062960147858, 0.9882283806800842, 0.10236750543117523, 0.0, 0.630838930606842, 0.007795640733093023, -0.7758746147155762, 0.0, -0.767539381980896, 0.15278708934783936, -0.6225266456604004, 0.0, -2.0802133083343506, 0.451938658952713, -1.874223232269287, 1.0], "id": 130}, {"mat": [0.13975951075553894, 0.9882283806800842, 0.06222494691610336, 0.0, 0.4242229759693146, -0.002976252231746912, -0.905552864074707, 0.0, -0.8947078585624695, 0.15295688807964325, -0.41964513063430786, 0.0, -2.5644657611846924, 0.454318106174469, -1.1241768598556519, 1.0], "id": 131}, {"mat": [0.15214776992797852, 0.9882283806800842, 0.015991374850273132, 0.0, 0.09968506544828415, 0.0007537304190918803, -0.9950187802314758, 0.0, -0.9833178520202637, 0.15298397839069366, -0.09839693456888199, 0.0, -2.786374092102051, 0.44946977496147156, -0.276384562253952, 1.0], "id": 132}, {"mat": [0.1496427357196808, 0.9882283806800842, -0.0318075455725193, 0.0, -0.17044173181056976, -0.0059057194739580154, -0.9853500723838806, 0.0, -0.9739387631416321, 0.15287180244922638, 0.16755160689353943, 0.0, -2.736773729324341, 0.44927993416786194, 0.5917483568191528, 1.0], "id": 133}, {"mat": [0.1324896216392517, 0.9882283806800842, -0.07649292051792145, 0.0, -0.4753834009170532, -0.00436402065679431, -0.879767894744873, 0.0, -0.8697454333305359, 0.152923583984375, 0.4692091643810272, 0.0, -2.4195871353149414, 0.4514961838722229, 1.4091520309448242, 1.0], "id": 134}, {"mat": [0.10236750543117523, 0.9882283806800842, -0.11369062960147858, 0.0, -0.7302380800247192, -0.0029540194664150476, -0.683186411857605, 0.0, -0.6754800081253052, 0.15295732021331787, 0.7213395833969116, 0.0, -1.8774762153625488, 0.4506985545158386, 2.077284574508667, 1.0], "id": 135}, {"mat": [0.06222494691610336, 0.9882283806800842, -0.13975951075553894, 0.0, 