[0.25178785239542856 0.9677824535432009 1.0737515645201741e-16 0.0 0.05794693182434316 -0.015076046753625373 -0.9982058234184108 0.0 -0.9660460809289808 0.25133610052713207 -0.059875989290971834 0.0 -3.05 1.5205877222371125 0.016056690790986407 1.0]
[0.2300196488454295 0.9677824535432009 -0.10241134585058152 0.0 -0.36881724896623663 -0.010694581648151688 -0.9294404030320331 0.0 -0.9005913601684186 0.251560625967724 0.35447489819834144 0.0 -2.79315639213616 1.5250203591538334 1.2251777014979854 1.0]
[0.16847895834714782 0.9677824535432009 -0.18711483962572864 0.0 -0.7497569794554734 0.0025861652119095555 -0.6617082314036161 0.0 -0.6399057058286516 0.2517745705256963 0.7260373635595734 0.0 -2.0508530767978663 1.5203682783997403 2.257583420689979 1.0]
[0.07780672536735835 0.9677824535432009 -0.23946447774463459 0.0 -0.9552191767459555 0.00358586465550131 -0.2958774509006244 0.0 -0.2854863181737217 0.25176231685574896 0.9247233629291725 0.0 -0.949588911544607 1.5225686436509898 2.898419643241505 1.0]
[-0.02631899728035685 0.9677824535432009 -0.25040853219500864 0.0 -0.9900802665224704 0.009348425622862935 0.14019155745324896 0.0 0.1380158549767032 0.25161424751447586 0.957936268351279 0.0 0.3018823578431676 1.524792902646956 3.035071138307419 1.0]
[-0.1258939261977142 0.9677824535432009 -0.2180546765387677 0.0 -0.8810586022483224 -0.008052904776350615 0.47293856908576987 0.0 0.45594567521883234 0.2516590418374932 0.8536868675988157 0.0 1.520277033559468 1.5296393334270322 2.6441042874883522 1.0]
[-0.27847691373582645 0.9457550854029796 -0.16732581077219327 0.0 -0.4822733362160663 0.012966192013510942 0.875924829559988 0.0 0.8305799405783855 0.3246216201966091 0.452501675145777 0.0 2.605938422397052 1.8340583915252198 1.5848824318872952 1.0]
[-0.3224588581751131 0.9457550854029796 -0.03959296931028332 0.0 -0.15057391349916094 -0.009954285729591011 0.9885486375334097 0.0 0.9345307813860115 0.32472793324568866 0.14561589203117253 0.0 3.0281079406173923 1.8356889834475836 0.3648425070927228 1.0]
[-0.31068473658916207 0.9457550854029796 0.09498585623620882 0.0 0.3318393920124092 0.014278676739243925 0.94322782894665 0.0 0.8907062435839088 0.3245665383630588 -0.3182749594543427 0.0 2.911141735438612 1.8334183402435744 -0.9100104723536203 1.0]
[-0.24519040156472088 0.9457550854029796 0.2131407643200467 0.0 0.6843297496092017 0.013110994423560852 0.7290547960373299 0.0 0.6867127935173033 0.32461580408173 -0.6504230307730758 0.0 2.3089558937354204 1.839486227319675 -1.992822000632755 1.0]
[-0.1373004186248699 0.9457550854029796 0.29444169792989283 0.0 0.9061957373867934 -9.104774472884944e-05 0.42285846006945865 0.0 0.39994734726891396 0.32488045515960323 -0.8570267261105968 0.0 1.294637860281973 1.8358166960218838 -2.7616031040487146 1.0]
[-0.0056699459696340215 0.9457550854029796 0.32483098704881 0.0 0.9972851828790176 -0.01850102136487137 0.0712739518928285 0.0 0.07341740749077218 0.3243532497800189 -0.9430826335133494 0.0 0.05417088699072457 1.8406137190150789 -3.049519044184276 1.0]
[0.12694091185359352 0.9457550854029796 0.29905404751011305 0.0 0.9194178630662658 0.0009521605753475872 -0.39328092563064904 0.0 -0.37223218288111454 0.3248790726172456 -0.8694232514735954 0.0 -1.1807822543060662 1.8381021080223867 -2.8121868207060228 1.0]
[0.23760253279535445 0.9457550854029796 0.22156794633618668 0.0 0.6501806744498579 0.01462013626990602 -0.759638955153945 0.0 -0.7216717584755278 0.32455133653992574 -0.6114378978841493 0.0 -2.227442873972832 1.8325314731705828 -2.083511474784939 1.0]
[0.3071805172655528 0.9457550854029796 0.10577073435913265 0.0 0.2950962723043831 0.011002822249996316 -0.9554041699587628 0.0 -0.9047421289431177 0.324694096553876 -0.27570894758519804 0.0 -2.8831111676710512 1.8391293171443879 -0.9950753199106793 1.0]
[0.32364419965314606 0.9457550854029796 -0.028315198485570917 0.0 -0.13768906265199538 0.017468706678221178 -0.9903214459522751 0.0 -0.9361069137961162 0.32441048491285396 0.13587377679934254 0.0 -3.039871882496156 1.8377672918540406 0.2489307886684083 1.0]
[0.28414685970546044 0.9457550854029796 -0.15750517627661684 0.0 -0.507972075943392 0.009173170806938084 -0.861324690810096 0.0 -0.813157384631835 0.3247509374455284 0.48302370174450476 0.0 -2.670967007981554 1.834436822471391 1.472577250710153 1.0]
[0.19551794632151956 0.9457550854029796 -0.2594610781998297 0.0 -0.8019693935441006 0.0019108568304446755 -0.5973620681334573 0.0 -0.5644624207905458 0.3248748483040451 0.7588402390850795 0.0 -1.8206184088759894 1.8401312926307232 2.4470793816762817 1.0]
[0.07308220379380774 0.9457550854029796 -0.31655380257239546 0.0 -0.9786636653585808 0.0068913818192599475 -0.2053532053889806 0.0 -0.19203234518056594 0.3248073695146462 0.9260797757825336 0.0 -0.6840425408044133 1.8416368378153762 2.972303864721395 1.0]
[-0.06199011570083192 0.9457550854029796 -0.3189114986791794 0.0 -0.9901405698185908 -0.018059081020231363 0.13890832081636073 0.0 0.12561400222393102 0.3243781559031179 0.9375499636916311 0.0 0.5969567626364723 1.8394997749915383 2.991049279550274 1.0]
[-0.18634378102827617 0.9457550854029796 -0.2661264994443218 0.0 -0.7887108781922961 0.0175175082491579 0.6145146764121078 0.0 0.5858422534208527 0.3244078533869725 0.742663045241672 0.0 1.7601988927980612 1.8327606406085668 2.4908579622368534 1.0]
[1.0 0.0 0.0 0.0 0.0 0.9999025240063992 -0.013962180547184469 0.0 0.0 0.013962180547184469 0.9999025240063992 0.0 0.0 0.5555309606339259 3.7599502424103903 1.0]
[0.9372871585055003 -2.306327394214139e-14 0.34855814788363243 0.0 0.004866631791966512 0.9999025240063992 -0.013086572531607018 0.0 -0.34852417183183954 0.013962180547188473 0.9371957955084358 0.0 -1.3620024767435108 0.5549736026021574 3.555652874510531 1.0]
[0.7095707283266053 4.999841100198185e-18 0.7046342182310272 0.0 0.01475674588223565 0.9997806834683095 -0.014860128350955976 0.0 -0.7044796802981743 0.020942420195377717 0.7094151077354797 0.0 -2.5276842087443403 0.5365526375460185 2.4552537769685014 1.0]
[0.3875155703712311 5.255467927738779e-15 0.9218631583482766 0.0 0.012871219858030976 0.9999025240063784 -0.0054105623589518394 0.0 -0.9217732988209334 0.013962180548677827 0.3874777969059652 0.0 -3.2471182110124897 0.5371037915311102 1.2645711001049507 1.0]
[-0.05582152919390159 4.257846855848318e-18 0.9984407628289496 0.0 0.01394041019628637 0.9999025240063992 0.0007793902690251752 0.0 -0.9983434388235413 0.01396218054718446 -0.05581608793487912 0.0 -3.5876330860341916 0.537108914718452 -0.269375556971876 1.0]
[-0.4725508034007691 -4.808467910672173e-16 0.881303431404467 0.0 0.012304917626121986 0.9999025240063993 0.006597839634798947 0.0 -0.8812175254768271 0.013962180547184292 -0.4725047410416807 0.0 -3.2345628449137953 0.5365452259399477 -1.7791747600797798 1.0]
[-0.7922896071731425 8.09555099759536e-16 0.6101452108846108 0.0 0.010648502364780238 0.9998476951518523 0.013827360446444172 0.0 -0.6100522828109188 0.017452406697318845 -0.792168937624833 0.0 -2.226705702026469 0.5460526218172197 -2.9740161630637694 1.0]
[-0.9711343383518735 3.289037933913513e-16 0.23853321964426621 0.0 0.004162978760052809 0.9998476951518525 0.01694863143064794 0.0 -0.23849688987847012 0.017452406697318307 -0.9709864298839398 0.0 -0.8703038102852085 0.5418963173329369 -3.4384429085139647 1.0]
[-0.9835714618758686 -1.0579507685655215e-18 -0.18051919394725727 0.0 -0.004410477172200887 0.9997014897722871 0.024030793540432166 0.0 0.18046530712156553 0.024432178516648518 -0.9832778557348123 0.0 0.6248548398330704 0.5406592623423025 -3.600223417010197 1.0]
[-0.8090169613565308 -1.3939995098600895e-18 -0.5877852977384224 0.0 -0.014360875323806536 0.9997014897722873 0.019766046822859294 0.0 0.5876098378153484 0.02443217851664852 -0.8087754615191727 0.0 1.90584485947895 0.533761777222536 -2.8565859816340655 1.0]
[-0.509041362159019 -2.7517602370842308e-18 -0.8607420586977789 0.0 -0.021029803634891694 0.9997014897722872 0.012436989432627079 0.0 0.860485118389835 0.02443217851664852 -0.5088894081060857 0.0 2.829518192775495 0.5327551166568835 -1.786066322237407 1.0]
[-0.0558214466393839 6.849341535810308e-16 -0.9984407674444622 0.0 -0.01742519433662319 0.9998476951518522 0.0009742185891838561 0.0 0.998288700074992 0.017452406697318172 -0.05581294476243012 0.0 3.4512680507479185 0.55048920808622 -0.3105579847488178 1.0]
[0.3189603025546188 2.0696137074792304e-14 -0.9477680757410983 0.0 -0.01654083391258061 0.9998476951518522 -0.005566624920465171 0.0 0.9476237260682431 0.0174524066973242 0.31891172335417345 0.0 2.9479627348648845 0.5435026853664906 0.9490807180340562 1.0]
[0.6347291806735804 5.390075587422873e-13 -0.7727346680462281 0.0 -0.02696805145560103 0.9993908269984944 -0.022151729321938297 0.0 0.772263938949115 0.03489949729244678 0.634342520793461 0.0 2.496909774519228 0.6240866007895348 2.051460996108322 1.0]
[0.8862036235765476 7.087417954834718e-16 -0.4632959502950534 0.0 -0.01616879573044094 0.9993908270009428 -0.03092806089943078 0.0 0.46301372291156107 0.03489949722233294 0.8856637722573981 0.0 1.5457652885422357 0.6227252814949936 3.0235911548779337 1.0]
[0.7660444966667954 2.519498757542412e-13 -0.6427875458707302 0.0 -0.16202704645350463 0.9677091695584321 -0.19309634737633846 0.0 0.6220314022170184 0.2520693617886349 0.7413082837142726 0.0 2.219759942233991 1.5513120266006375 2.703507800465186 1.0]
[0.9606305690319281 9.988196417232126e-05 -0.2778169388459017 0.0 -0.053437802956956985 0.9813937156913317 -0.18441851604795187 0.0 0.27262910243878014 0.1920053767908605 0.9427622449643078 0.0 1.027011095877557 1.6898633030794952 3.8740866510044496 1.0]
[0.9947254523200154 -5.865718255892763e-05 0.10203527960383556 0.0 0.02088549355371264 0.9789476832428863 -0.20302885322669204 0.0 -0.09987491510035726 0.20411123933082528 0.9737853883423213 0.0 -0.38403606935572077 1.689863357317551 4.05230848007582 1.0]
[0.8887819584204462 -2.8483146249393445e-07 0.4583121504360784 0.0 0.09372323392772763 0.9788674070349164 -0.1817521949171604 0.0 -0.4486267743454012 0.20449596312811802 0.8699997177035332 0.0 -2.0016647306592645 1.6898633573932575 3.5237983707940526 1.0]
[0.43854398800869815 -6.3728797121555175e-06 0.8986968542245483 0.0 0.2295052197619183 0.9668427540053689 -0.11198634249864033 0.0 -0.8688978012868712 0.2553724256845409 0.4240045789725135 0.0 -4.093972189901697 1.7576077523355191 1.8365780625171588 1.0]
[0.1410805229039403 3.940869140125026e-06 0.9899977356079682 0.0 0.24625379114490728 0.9685696970082529 -0.035096493258947196 0.0 -0.9588819459678896 0.24874231816022002 0.1366453439158359 0.0 -4.29090864562226 1.6964601279249107 0.48777069942848617 1.0]
[-0.08605139604223382 6.487708675011839e-06 0.9962905725617146 0.0 0.2310046998509061 0.9727481542880962 0.019945928854930642 0.0 -0.969139685909178 0.23186423885722318 -0.08370784159158824 0.0 -4.04725390622877 1.636794298950172 -0.4220455862653231 1.0]
[-0.4782970256731162 -2.312658746874149e-06 0.8781980521943236 0.0 0.19946871287070128 0.9738629525172772 0.1086403128980038 0.0 -0.8552448162603438 0.22713539564206398 -0.4657952588485263 0.0 -3.146470095606544 1.508949296289493 -1.664631691129335 1.0]
[-0.6632635919498229 -2.389231002261665e-05 0.7483849850649511 0.0 0.21889014227774173 0.9562622157245287 0.19402689839998238 0.0 -0.7156573687754831 0.29250551243486617 -0.6342481904484571 0.0 -2.8038238054700155 1.5660516143117686 -2.562273563218902 1.0]
[-0.8491738809875646 1.8229891429630478e-06 0.5281088711078077 0.0 0.12240236950055786 0.972770139513138 0.19681377247678486 0.0 -0.5137281768063796 0.23177198964425266 -0.8260512207754661 0.0 -2.267632341531932 1.7592779084385188 -3.7831301913962534 1.0]
[-0.9892536069639943 3.517135560625284e-10 0.14620977339259705 0.0 0.034875923622365836 0.97113427906067 0.23597008666058997 0.0 -0.14198932279224902 0.2385334610349148 -0.9606980884193972 0.0 -0.5661833741886537 1.760323010413516 -4.383538538715898 1.0]
[-0.9593171431012814 2.340198740782228e-08 -0.2823306907263346 0.0 -0.07021288646856559 0.9685830514580633 0.23857288823390504 0.0 0.27346072752729983 0.24869031430304572 -0.9291783241378916 0.0 0.9981070565567529 1.6563103572329274 -3.863116341970776 1.0]
[-0.93969266663368 -1.34807321864782e-07 0.3420200173597905 0.0 0.054786280566335686 0.9870870223379218 0.15052452058552573 0.0 -0.33760354082470234 0.16018479277315062 -0.9275584288283569 0.0 -1.1164687966257127 0.9078887128468551 -2.9758756429642075 1.0]
[-0.8498927625907029 4.073756796714793e-08 0.5269556832371736 0.0 -0.02794420006439994 0.9985927940564614 -0.04506947135385314 0.0 -0.5262141499184989 -0.05302957255488051 -0.8486967872962996 0.0 -1.3487139207271701 0.03175237580454258 -2.2420078260538743 1.0]