[0.08224929654127099 0.9793406217655515 0.18473494465944731 0.0 -0.9242577744259425 0.005617158810422783 0.38172766986439716 0.0 0.3728037280281271 -0.20213954112632562 0.9056251908386652 0.0 1.2232384872506485 -0.3471863094445692 2.7940197859460336 1.0]
[0.15027694249915471 0.9793406217655515 0.13530996679095275 0.0 -0.655104560257488 -0.0038632175591175105 0.7555283520027123 0.0 0.7404423378514692 -0.20218066700343512 0.6409899548410232 0.0 2.2557676576062486 -0.3483631568642043 2.052869686002623 1.0]
[0.19232033987577124 0.9793406217655515 0.062488666411844834 0.0 -0.25177364174929995 -0.012303774407169649 0.9677079365467829 0.0 0.9484845387197215 -0.20184291836772592 0.24420588877919486 0.0 2.894915572601438 -0.3517449279513146 0.9603733320666392 1.0]
[0.20110980331242928 0.9793406217655515 -0.021137492081583567 0.0 0.06010953792351175 0.009199820061932193 0.9981493910038967 0.0 0.9777227063243739 -0.20200819258310063 -0.057017538240887074 0.0 3.0353052251203705 -0.34724913644611377 -0.29965517059082253 1.0]
[0.17512555473116206 0.9793406217655515 -0.10110878616601898 0.0 0.4605015801368032 0.009291558436363702 0.8876102532267927 0.0 0.870212235475697 -0.20200399377657519 -0.4493607144897106 0.0 2.644751833851481 -0.3506855496564362 -1.5191554503582718 1.0]
[0.11886050677115834 0.9793406217655515 -0.16359745257786387 0.0 0.7834063380997998 0.00873171265542156 0.6214485229036797 0.0 0.6100382687628421 -0.20202896761099917 -0.7661837944585282 0.0 1.7791931164366133 -0.35228095681756516 -2.4773478667487647 1.0]
[0.04204339737661649 0.9793406217655515 -0.19779863320279775 0.0 0.9695739791691153 0.007793079936901032 0.24467440982510877 0.0 0.24116104920820053 -0.202067351308815 -0.9492155360506063 0.0 0.6495286865994502 -0.3523865663639075 -2.9800772300087144 1.0]
[-0.04204339737661665 0.9793406217655515 -0.1977986332027977 0.0 0.9885899838838655 0.01211582091480214 -0.15014343358288662 0.0 -0.14464507078200126 -0.20185428765181937 -0.9686757197612864 0.0 -0.6406791449661863 -0.3525262084233736 -2.981958258150637 1.0]
[-0.11886050677115838 0.9793406217655514 -0.16359745257786387 0.0 0.7768528977910767 -0.010886778383398302 -0.6295880027843905 0.0 -0.6183621553133005 -0.20192430417434587 -0.7595095919473275 0.0 -1.8080100288835623 -0.347037943680763 -2.4564111543302496 1.0]
[-0.17512555473116206 0.9793406217655515 -0.101108786166019 0.0 0.4773570900266775 -0.005356833469304221 -0.8786930709505137 0.0 -0.8610814413755329 -0.2021466074289775 -0.46655707091800624 0.0 -2.641706193861578 -0.34822316013208016 -1.5244306535623484 1.0]
[-0.20110980331242928 0.9793406217655515 -0.0211374920815834 0.0 0.10373972447588342 -0.00016375143109467708 -0.9946044654791858 0.0 -0.9740600169277579 -0.20221750603083752 -0.10156359425189909 0.0 -3.0349711034046902 -0.3453033668650532 -0.3028341263658804 1.0]
[-0.1923203398757712 0.9793406217655515 0.06248866641184491 0.0 -0.3121896959335306 -0.000689213277020885 -0.9500195359770179 0.0 -0.9303496550345991 -0.20221639781412826 0.30587260065602584 0.0 -2.8997284161875982 -0.3520043478801862 0.9455609225945152 1.0]
[-0.15027694249915471 0.9793406217655515 0.13530996679095278 0.0 -0.6620458528556427 0.0019597732368784346 -0.7494607714920807 0.0 -0.734242554793544 -0.20220807562687254 0.6480738884429201 0.0 -2.2584607637366294 -0.3475991497099406 2.049878688630458 1.0]
[-0.08224929654127086 0.9793406217655515 0.1847349446594474 0.0 -0.8980788321832434 0.0075301135854048025 -0.43977006329873436 0.0 -0.4320757623413376 -0.20207732170942364 0.8789057353595425 0.0 -1.2579444641975779 -0.3481692940769143 2.778567689457604 1.0]
[6.122036083192889e-17 0.9793406217655515 0.20221757233203794 0.0 -0.9998043660352174 -0.003999767771169817 0.019370893492398632 0.0 0.019779526205577838 -0.2021780117066139 0.9791490294768428 0.0 0.011577106273242429 -0.3531204483364888 3.05 1.0]
[0.06153220283520864 0.9919129128968937 0.11100703240176396 0.0 -0.8757696920106793 0.00030417682943434117 0.4827290689734523 0.0 0.4787914311783017 -0.12691997756403822 0.868705982899495 0.0 1.484551866101637 -0.036971737933406246 2.664329370282389 1.0]
[0.10136309211574808 0.9919129128968937 0.0763825685947645 0.0 -0.5968288120832141 -0.0007969756931038194 0.8023682034434589 0.0 0.7959402569439956 -0.12691783979466453 0.5919214215736596 0.0 2.4268506990587824 -0.04203659201952626 1.8474627773917447 1.0]
[0.12366738191469173 0.9919129128968937 0.028550864763878987 0.0 -0.20002553798170183 -0.003263473534476956 0.9797852488661076 0.0 0.9719548152077321 -0.12687837865014392 0.19800432880524146 0.0 2.9713970657084636 -0.03252716414815148 0.6879703188517508 1.0]
[0.12458845789769066 0.9919129128968937 -0.024217542961144794 0.0 0.21040757997182555 -0.002559734807955887 0.9776104019741774 0.0 0.9696423910128287 -0.12689452701402243 -0.20902490895778986 0.0 2.994206879154482 -0.04246176981446142 -0.5807123209118182 1.0]
[0.1039670576595717 0.9919129128968935 -0.07279851749871574 0.0 0.6146754226395924 -0.006538822667177567 0.7887530466508295 0.0 0.7818983154633663 -0.1267517929913685 -0.6103843111098315 0.0 2.4987492542828607 -0.037447032665664785 -1.7489289597919355 1.0]
[0.0653688086410456 0.9919129128968935 -0.10879196700698951 0.0 0.8613121447088675 -0.0010368435360564013 0.5080751069797581 0.0 0.5038534590869267 -0.12691610687332505 -0.8544144155983427 0.0 1.559375933489098 -0.034469783731682836 -2.6212642728138187 1.0]
[0.015467698751499469 0.9919129128968937 -0.12597429707576221 0.0 0.9978384377458576 -0.007265378041081231 0.06531206962596174 0.0 0.06386863433829756 -0.12671222320802247 -0.9898812100638344 0.0 0.3579440118998876 -0.03300919878006401 -3.0289549693205355 1.0]
[-0.03710791677181267 0.9919129128968937 -0.12137452673957479 0.0 0.9711356234268801 0.007156506977100973 -0.23842060590303793 0.0 -0.23562386004847058 -0.12671841869391456 -0.9635475281165805 0.0 -0.8895118050158618 -0.03774360483876288 -2.917408806972779 1.0]
[-0.0832672363704377 0.9919129128968937 -0.0957879980771557 0.0 0.7415037988091276 -0.002545984618826499 -0.6709438384201417 0.0 -0.6657617319273182 -0.1268948036395511 -0.7352951958978228 0.0 -2.014436369337193 -0.04034429260212765 -2.290166809674382 1.0]
[-0.1150288943415197 0.9919129128968937 -0.05363885434055271 0.0 0.40914029840618116 -0.001896198110852002 -0.9124695176567956 0.0 -0.9051920070828444 -0.1269061766074604 -0.4056134276034357 0.0 -2.7565180919896393 -0.04100113005611691 -1.3055427038335345 1.0]
[-0.1269010114762542 0.9919129128968935 -0.0022150653947744393 0.0 -0.029089992212949792 -0.005953786924413862 -0.9995590651753948 0.0 -0.9914887319780061 -0.12678062016593153 0.0296102804949172 0.0 -3.0498594993889845 -0.032733407034563365 -0.03466622137598119 1.0]
[-0.11683079086724756 0.9919129128968937 0.0495917284809977 0.0 -0.39381762696309575 -0.00042935066366027057 -0.9191884966377483 0.0 -0.9117336469597299 -0.12691961584564912 0.3906829508887013 0.0 -2.8097891333052503 -0.03396669083936231 1.1864308518416828 1.0]
[-0.08655946514287904 0.9919129128968937 0.09282366197569582 0.0 -0.7062512840960814 0.004618775736444419 -0.7079461777729524 0.0 -0.7026496870466925 -0.1268362729628081 0.7001399696875541 0.0 -2.082995719776898 -0.03475373811608866 2.2279238232985805 1.0]
[-0.04132122152725292 0.9919129128968937 0.1200055410383005 0.0 -0.9346228107669154 0.004089329818519984 -0.3556170397714175 0.0 -0.3532318760327927 -0.12685444655208147 0.9268954585843643 0.0 -1.0031323302847686 -0.03504401821224139 2.880336916518691 1.0]
[0.01106183668194796 0.9919129128968937 0.12643737183926848 0.0 -0.9985688778935862 0.004341460698515389 0.053304294586341006 0.0 0.05232429523238787 -0.126846067922513 0.9905413889288177 0.0 0.2704589592024827 -0.04100611431289427 3.0379884116279716 1.0]
[0.028453666166654852 0.9987045980408904 0.04218429486977389 0.0 -0.8237136226193144 -0.0004816935936556003 0.5670058517181701 0.0 0.5662916711316194 -0.05088117356415142 0.8226328764301196 0.0 1.7125573056809495 0.2791579979203259 2.5238302546743916 1.0]
[0.04315161596567803 0.9987045980408904 0.02696412230231334 0.0 -0.5335497595476691 0.0002184079774776922 0.8457686482629748 0.0 0.844667148719645 -0.05088298487646774 0.5328680228010366 0.0 2.5960978388906057 0.2718182939227063 1.6009687277940812 1.0]
[0.05038825934411134 0.9987045980408904 0.007081608027421923 0.0 -0.1107103971288632 -0.0014614566867203627 0.9938516348590077 0.0 0.9925745469675515 -0.05086246156387155 0.11049334240497799 0.0 3.0223653305350133 0.27348774666557146 0.4099076668269685 1.0]
[0.04891231491898249 0.9987045980408904 -0.014025380609799987 0.0 0.23233813165445688 0.002280297694929024 0.972632403748579 0.0 0.9714044358703445 -0.050832333159180995 -0.23192562574457246 0.0 2.928677582276901 0.2766704997524636 -0.8517510977715297 1.0]
[0.0389789868899304 0.9987045980408903 -0.032707253523004715 0.0 0.6593790351024446 -0.0011137341961112495 0.7518098480756353 0.0 0.7507995249388508 -0.050871263480710624 -0.6585682864392061 0.0 2.3388801731369493 0.27507628070064843 -1.9575888229409304 1.0]
[0.02230583791463033 0.9987045980408904 -0.045733745166011835 0.0 0.9090880196629116 -0.0012267762465240327 0.41660228939050076 0.0 0.41600651689642054 -0.05086866296674638 -0.9079377495333496 0.0 1.3536363636064264 0.27818492811141543 -2.7332233508506842 1.0]
[0.0017758069217148984 0.9987045980408904 -0.05085245679178401 0.0 0.9993259170129257 9.235813545079782e-05 0.036711075389448136 0.0 0.03666821642856 -0.05088336979758992 -0.9980312242520221 0.0 0.08849676319612185 0.27121547471644036 -3.0487687350430686 1.0]
[-0.01906127722066448 0.9987045980408904 -0.04717831665819 0.0 0.9439061389882366 0.00241666977325855 -0.3302050279561576 0.0 -0.3296632653042143 -0.050826032298326114 -0.9427294659390746 0.0 -1.1447093619862325 0.27781448467045944 -2.827038361965162 1.0]
[-0.03660249336532372 0.9987045980408904 -0.03534661697284343 0.0 0.6737676290737612 -0.0014594097538240612 -0.7389418462473842 0.0 -0.7380362047296621 -0.05086252033820103 -0.6728414111312427 0.0 -2.1872130753565484 0.2727863660248219 -2.125722003607662 1.0]
[-0.04781480588390537 0.9987045980408903 -0.01740316609895795 0.0 0.29033052313673047 -0.0027749766408708453 -0.956922403771484 0.0 -0.9557310979943243 -0.05080772930003948 -0.28982174343885425 0.0 -2.8603603780419773 0.2741259199152464 -1.058827870324395 1.0]
[-0.05075950408128519 0.9987045980408904 0.0035494502962379357 0.0 -0.023179247274119855 0.002374996113004267 -0.9997285040896197 0.0 -0.9984418837575011 -0.050827996669617875 0.023028667206899188 0.0 -3.0439447978863505 0.27558683195268513 0.19310177149406826 1.0]
[-0.044927422887392925 0.9987045980408904 0.02388833448947065 0.0 -0.5066560781068546 -0.0021703426402154102 -0.8621455260744584 0.0 -0.8609768551999978 -0.05083714650536095 0.5060972627322877 0.0 -2.689266092587536 0.27168313571341846 1.4388922152901156 1.0]
[-0.03132698212344686 0.9987045980408904 0.04009670863076808 0.0 -0.791162865678056 -0.00026171763402515043 -0.6116054704431332 0.0 -0.6108027015028039 -0.05088278054375086 0.7901461905755244 0.0 -1.870875286673209 0.2735052047330567 2.4088175855069527 1.0]
[-0.012309821553658775 0.9987045980408904 0.04937199758264343 0.0 -0.9717642034907492 -0.00031313504675865503 -0.23595388269836198 0.0 -0.2356327674736834 -0.050882490096554454 0.9705092328743026 0.0 -0.7432201436544946 0.274958406309578 2.958065975426992 1.0]
[0.008835818993974958 0.9987045980408904 0.05011041962196267 0.0 -0.9833754806758829 -0.00041081984011715974 0.1815833010839246 0.0 0.18136866407453622 -0.05088179516332376 0.9820979842219285 0.0 0.5141073569259363 0.2768067892467592 3.0064001682447623 1.0]
[-0.016016185153637976 0.9996760970536633 -0.019778341504766542 0.0 -0.7812957431849091 -0.00016856279585763043 0.6241609834551695 0.0 0.6239554819810985 0.025449411901626275 0.7810453789246797 0.0 1.9349170249001773 0.5907729628784225 2.3577517636528103 1.0]
[-0.022676089425124352 0.9996760970536633 -0.01155404465711242 0.0 -0.399145751250485 0.001543179091390203 0.9168861913329144 0.0 0.916607039154222 0.025403141101971637 0.3989814734985619 0.0 2.7258433341396855 0.5867393316006789 1.3684334930413289 1.0]
[-0.025415091829201562 0.9996760970536633 -0.001331948523043084 0.0 -0.021562484212796565 0.0007838798238233109 0.9997671953044842 0.0 0.9994444118518478 0.025437895195487132 0.021535577682924172 0.0 3.0467798653768434 0.5885147143870212 0.14131088968335123 1.0]
[-0.023759593967148978 0.9996760970536633 0.009120453611032864 0.0 0.3297517519469385 -0.0007758061122184418 0.9440673599975804 0.0 0.9437686495017945 0.025438142707969638 -0.32962651154469963 0.0 2.8496822528531434 0.5903584652110775 -1.0871296595975533 1.0]
[-0.017995846459041426 0.9996760970536633 0.017995846459041336 0.0 0.6943552911308926 -0.00045502699752208113 0.719632213445844 0.0 0.7194073110476122 0.025445902027366026 -0.6941221988103087 0.0 2.1509636774340097 0.5891671684029728 -2.16238768780393 1.0]