[-0.009120453611032977 0.9996760970536632 0.023759593967148936 0.0 0.9350499200089093 0.00010495579870494322 0.3545160589812719 0.0 0.35439873647808257 0.025449753708731693 -0.9347480118293398 0.0 1.1064163309701855 0.5895610954690411 -2.8422787933576426 1.0]
[0.0013319485230429517 0.9996760970536632 0.02541509182920157 0.0 0.995908396682345 0.0009704068494393493 -0.09036328750187889 0.0 -0.09035868154600654 0.025431462602480134 -0.9955845264864084 0.0 -0.16118922407112846 0.5875730123443675 -3.045738086015734 1.0]
[0.011554044657112307 0.9996760970536632 0.02267608942512441 0.0 0.8752668784395521 0.0008544566054941942 -0.4836394952964365 0.0 -0.48350221877334126 0.02543562233294306 -0.8749735044890171 0.0 -1.3979147305714572 0.5865868538296077 -2.710821893335495 1.0]
[0.019778341504766456 0.9996760970536632 0.01601618515363808 0.0 0.6542977702823367 -0.0008291684923310819 -0.7562365637042245 0.0 -0.7559783363370166 0.02543645924978769 -0.6541022408843672 0.0 -2.3587518363028597 0.5907570490990506 -1.9336820380283033 1.0]
[0.024582783425654748 0.9996760970536633 0.0065869369666134376 0.0 0.28021117290872505 -0.0005655012230892191 -0.9599382161292899 0.0 -0.9596235643918734 0.02544368660240628 -0.2801343132783176 0.0 -2.95047245991352 0.5920745493170009 -0.7729819539966467 1.0]
[0.02513663876467096 0.9996760970536633 -0.003981252462382387 0.0 -0.20093126800591302 0.0011510560442785944 -0.9796046654684321 0.0 -0.9792827859863311 0.025423926713584476 0.20089511945617766 0.0 -3.0153424342469575 0.5919462034372472 0.4588594640833073 1.0]
[0.021344140902081397 0.9996760970536633 -0.013861047172089136 0.0 -0.508611432988263 -0.0010787745320414235 -0.8609954973628693 0.0 -0.8607315713291674 0.0254270962766849 0.5084236667309641 0.0 -2.557734773753164 0.585093855911936 1.6614731344361062 1.0]
[0.013861047172089247 0.9996760970536633 -0.021344140902081327 0.0 -0.8317724258937196 -0.000319355264919488 -0.5551166810095799 0.0 -0.5549436934448125 0.025447966358228956 0.8314985857558992 0.0 -1.6497446597911738 0.5828290759313212 2.565351334244207 1.0]
[0.003981252462382517 0.9996760970536633 -0.025136638764670934 0.0 -0.9844239086571489 -0.0005002059327911885 -0.17581046003638712 0.0 -0.17576608800622504 0.02544505401015264 0.9841030594065889 0.0 -0.46086196502434734 0.5903800193338977 3.0150252692561614 1.0]
[-0.006586936966613324 0.9996760970536633 -0.024582783425654783 0.0 -0.9512386520463467 0.0013173124636159444 0.3084530621357526 0.0 0.3083855364871172 0.025415854646814194 0.9509218659901164 0.0 0.7957940369298044 0.5859013954068567 2.944359980713909 1.0]
[-0.0706016577919379 0.9948217482960331 -0.07311015684741995 0.0 -0.7499053384597631 -0.004603901924559523 0.6615291281845549 0.0 0.6577669718574948 0.10153075004299579 0.7463471829712554 0.0 2.117612295485946 0.9036430896032274 2.1950445294566507 1.0]
[-0.09423440354872703 0.9948217482960331 -0.03807317040961935 0.0 -0.35777422983960316 0.0018478936829015974 0.9338062892011467 0.0 0.9290411603640037 0.10161827791377369 0.3557474496652711 0.0 2.8305742842737955 0.9004720302029936 1.1359576471654307 1.0]
[-0.10157316483926083 0.9948217482960331 0.00354701307589906 0.0 0.05454672450832567 0.0020091622065051295 0.9985091978107367 0.0 0.9933315393311285 0.10161521728782655 -0.054468344803184784 0.0 3.04840260405595 0.8979053899571832 -0.09898138287797921 1.0]
[-0.09134900316585272 0.994821748296033 0.04455388577699236 0.0 0.4312270773517042 -0.0008104676757285089 0.9022430664188303 0.0 0.897607134207005 0.10163184667893646 -0.4289200395893351 0.0 2.7399446178477915 0.8977125901316307 -1.3398557240619766 1.0]
[-0.06532976896542783 0.9948217482960331 0.07785698686789821 0.0 0.7305189210920819 -0.005469935675072066 0.6828705482960671 0.0 0.6797603454257864 0.10148777719969447 -0.7263787606102485 0.0 1.9533364595299303 0.9026339602018857 -2.342448329706751 1.0]
[-0.028014424208561556 0.9948217482960331 0.09769790762082377 0.0 0.9667063984524924 0.0020936657985545708 0.2558795727574499 0.0 0.2543500171560322 0.10161351131000354 -0.9617592022393017 0.0 0.8261402521260637 0.9002313616291255 -2.936021374091119 1.0]
[0.014144868997019179 0.994821748296033 0.10064597258848174 0.0 0.9886729070386099 0.001126335079483025 -0.15008202509665447 0.0 -0.14941822368399799 0.101628836884582 -0.9835373780109252 0.0 -0.40515959018766423 0.8976463077151771 -3.0230326291891316 1.0]
[0.05385838585091456 0.9948217482960331 0.08619143455563469 0.0 0.8687428174627491 -0.004124453546826047 -0.49524630840605444 0.0 -0.4923263057977085 0.10155135646639254 -0.8644663848984627 0.0 -1.5994352757761547 0.9032008455411304 -2.597056046059232 1.0]
[0.08425929850311192 0.9948217482960331 0.05683361446351737 0.0 0.574546097774116 -0.0019041021245122596 -0.8184700091803213 0.0 -0.8141235484545939 0.10161724023178194 -0.5717313917735993 0.0 -2.5316590830957044 0.8969212790791304 -1.700950590234328 1.0]
[0.1000910129724252 0.9948217482960331 0.017648746113479597 0.0 0.22169413469316557 -0.005006161258443091 -0.9751034042562373 0.0 -0.9699657209225501 0.10151171098291425 -0.22104721841389213 0.0 -3.0028049147414575 0.8984884874171847 -0.5344970527561471 1.0]
[0.09861608200049947 0.9948217482960331 -0.024587750773403777 0.0 -0.1994953234052018 -0.004442818162429624 -0.9798887065918402 0.0 -0.9749238351329425 0.10153792633297096 0.1980241530866259 0.0 -2.9580777065918897 0.8958695751088764 0.7431730925219954 1.0]
[0.08008953455170785 0.9948217482960331 -0.06257280217886241 0.0 -0.5845278383864616 -0.003975336543753276 -0.8113639151765467 0.0 -0.8074112165473932 0.10155730311793511 0.5811826232578453 0.0 -2.395469667280094 0.9013557230058732 1.8879598429148736 1.0]
[0.04771477898834625 0.9948217482960331 -0.08973844763153374 0.0 -0.8893705798477786 0.001416398519837025 -0.4571848264285015 0.0 -0.4546903029176226 0.10162520815455807 0.8848327782695571 0.0 -1.444706525040411 0.8979990889495331 2.686174569254702 1.0]
[0.007089704662740837 0.9948217482960331 -0.10138750024050974 0.0 -0.9970688795354288 -0.0006914107456910283 -0.07650602207111015 0.0 -0.07617995503910174 0.10163272636510838 0.9919009040130146 0.0 -0.20282537807468387 0.903592333933905 3.043264857077575 1.0]
[-0.03476124400699739 0.9948217482960331 -0.09550573298137782 0.0 -0.9569798249597868 -0.005588473091926421 0.2901006438952468 0.0 0.2880646985227832 0.10148131890020481 0.9522186048273018 0.0 1.0375451416771964 0.898921503521252 2.868106657773523 1.0]
[-0.13375558185797226 0.9841698416280552 -0.11627195341802804 0.0 -0.6306383811560723 0.005976497561380552 0.7760538085015415 0.0 0.764463652853871 0.17712708518661852 0.6198558857981497 0.0 2.312560579012613 1.2141415089456336 1.9886752845718978 1.0]
[-0.16948386825780815 0.9841698416280552 -0.05181641853870958 0.0 -0.25049484121516424 0.007831908213276464 0.968086254286429 0.0 0.9531671169973079 0.17705474871786867 0.24520208610754685 0.0 2.912125957003456 1.215984345483632 0.9067912286710801 1.0]
[-0.17590685412326304 0.9841698416280552 0.02159864584333606 0.0 0.08236178278735386 -0.007149892231467073 0.9965768489068805 0.0 0.9809553075489963 0.1770836013607336 -0.07980026767227662 0.0 3.02711180997847 1.209936393289477 -0.37295534010362863 1.0]
[-0.15191394684720497 0.9841698416280552 0.09127910814153142 0.0 0.5262898154886443 0.0023735333398236186 0.8503019442835665 0.0 0.8366248758351819 0.17721198934974333 -0.5183191371775435 0.0 2.6238250870644997 1.2101959273925897 -1.5551140228735787 1.0]
[-0.10165373806638416 0.9841698416280552 0.14517658339739148 0.0 0.8167892810468453 -0.0007395677291489126 0.5769356319439385 0.0 0.5679100174359567 0.17722634078878569 -0.8037841975471456 0.0 1.75288917009158 1.2120162579845974 -2.495976285178154 1.0]
[-0.03381667447866709 0.9841698416280552 0.17397170849598698 0.0 0.9704563604654801 -0.009273500530320004 0.24109843346651622 0.0 0.2388951338125117 0.1769850982928307 -0.9547802836375389 0.0 0.5648856122800641 1.2149980891090533 -2.997283279670955 1.0]
[0.03986759934125465 0.9841698416280552 0.1726855447122717 0.0 0.9806146340114681 -0.005355073807225727 -0.19587307815795826 0.0 -0.19184763247254227 0.1771469616288351 -0.9653048429902092 0.0 -0.68108408161919 1.2107460011533369 -2.9729868788420064 1.0]
[0.10665840304930377 0.9841698416280552 0.14154048144888118 0.0 0.7784051975500398 0.005920069730472867 -0.6277342600188952 0.0 -0.6186350567871627 0.17712898013649586 -0.7654514948118849 0.0 -1.8459855312094755 1.2142871840290215 -2.4279638839024305 1.0]
[0.1550069999089557 0.9841698416280552 0.08592178308807269 0.0 0.44819588596033355 0.007450293116745253 -0.8939043242655819 0.0 -0.880393819712211 0.17707121720450048 -0.4399460265194584 0.0 -2.665962593414992 1.2130469786319575 -1.4816054535754077 1.0]
[0.17655347828996326 0.9841698416280551 0.015446427856442199 0.0 0.06257780587574137 0.0044379255887524215 -0.9980302215004547 0.0 -0.9822997951315543 0.1771723106082818 -0.06080365809907329 0.0 -3.037808269726063 1.2155495951801132 -0.2725179905632212 1.0]
[0.16757225633663936 0.9841698416280552 -0.057699755077958874 0.0 -0.31445762025245405 -0.002111653129423081 -0.9492691641395629 0.0 -0.9343639248020074 0.17721530337662658 0.3091258518430951 0.0 -2.88906317295603 1.2134027985346958 0.977789441418059 1.0]
[0.12961626891655348 0.9841698416280552 -0.12086912617356216 0.0 -0.6677632565249708 -0.0034728151465444413 -0.7443656176840275 0.0 -0.733001948201584 0.17719385538095483 0.6567423250772828 0.0 -2.2181994066667117 1.212008779959486 2.093423879896158 1.0]
[0.06924845107395933 0.9841698416280552 -0.16313912729221725 0.0 -0.9418364571267398 0.01058914637492717 -0.33590468589467637 0.0 -0.32885975742071005 0.17691125687434128 0.9276603188346112 0.0 -1.1762149749910504 1.2174975431734711 2.8141255157538425 1.0]
[-0.003093053061750701 0.9841698416280552 -0.17720089122960414 0.0 -0.9978516332622188 0.008558771612576564 0.06495279381524884 0.0 0.06544120276003237 0.17702110116676079 0.982029011141233 0.0 0.06718858121703954 1.2086018734656794 3.04929181948634 1.0]
[-0.07489974022357909 0.9841698416280552 -0.16062301125383366 0.0 -0.8862375346091481 0.008144031088099135 0.46315948333974016 0.0 0.45713571416411924 0.17704066647932862 0.871598268268252 0.0 1.2954896952709696 1.216526878585781 2.761205886869861 1.0]
[-0.2037006515650725 0.9677824535432009 -0.14799718634442702 0.0 -0.5594940369172958 0.008977905339555845 0.8287857502815198 0.0 0.8034130115986127 0.2516277405804378 0.5396397066232538 0.0 2.46427740927381 1.5288730623514721 1.7971830577974288 1.0]
[-0.24628568371450602 0.9677824535432009 -0.052349638118906056 0.0 -0.2197155925615615 -0.003143939392804913 0.9755589034140462 0.0 0.943964205032479 0.25176822329078086 0.21341120251384013 0.0 2.9820033012260567 1.5265512579748612 0.6404672339573434 1.0]
[-0.24628568371450604 0.9677824535432009 0.0523496381189059 0.0 0.1617252376079664 -0.012219612918532493 0.9867601677108618 0.0 0.9556088684801566 0.25149116023038137 -0.15350533152972748 0.0 2.981417985558645 1.5239525037173245 -0.6432209276697981 1.0]
[-0.20370065156507255 0.9677824535432008 0.14799718634442688 0.0 0.5695394084195716 -0.005817183617315706 0.8219434424775508 0.0 0.7963233682424806 0.2517206447406818 -0.5500052819767153 0.0 2.468262264374366 1.5287669594420958 -1.7916983752813256 1.0]
[-0.1258939261977143 0.9677824535432009 0.21805467653876764 0.0 0.8373348867935545 -0.014210549814520617 0.5465055787751799 0.0 0.531997186745334 0.2513865208953558 -0.8085689892688064 0.0 1.542215949615114 1.5255791689697284 -2.6314378483978964 1.0]
[-0.026318997280357036 0.9677824535432009 0.25040853219500864 0.0 0.9935869299829759 -0.002230027647107768 0.11304883698516258 0.0 0.10996509877757256 0.25177797677834185 -0.9615173048158018 0.0 0.326068529361271 1.5209121807214612 -3.0325290692460047 1.0]
[0.07780672536735815 0.9677824535432009 0.23946447774463467 0.0 0.950698024439397 0.00030125102048241345 -0.31011800266164885 0.0 -0.3001989004220973 0.25178767217980463 -0.9200454273152162 0.0 -0.9394515396702291 1.524554360243447 -2.901713475031528 1.0]
[0.16847895834714774 0.9677824535432009 0.18711483962572872 0.0 0.7214688376904336 0.00827203238397088 -0.6923974940176008 0.0 -0.671637965600423 0.2516519344136672 -0.6968312184955437 0.0 -2.0443904563992947 1.5267735872802815 -2.2634023902336153 1.0]
[0.23001964884542941 0.9677824535432009 0.10241134585058172 0.0 0.4435358332913994 -0.010582446798508133 -0.8961941622250509 0.0 -0.8662372225502257 0.25156536811266145 -0.43168036767359697 0.0 -2.7925942494675637 1.5276029176877792 -1.2264402946038337 1.0]
[0.25178785239542856 0.9677824535432009 1.0737515645201741e-16 0.0 0.05794693182434316 -0.015076046753625373 -0.9982058234184108 0.0 -0.9660460809289808 0.25133610052713207 -0.059875989290971834 0.0 -3.05 1.5205877222371125 0.016056690790986407 1.0]