{"locations": [{"mat": [0.05896322225096316, 0.981627183447664, 0.18147013842059473, 0.0, -0.9591156277631893, 0.005300253668001682, 0.2829648739534259, 0.0, 0.27680417446672817, -0.19073536648367323, 0.9418064923168304, 0.0, 0.8472286156698406, -1.047186309444569, 2.6688129634238775, 1.0], "id": 0}, {"mat": [0.11215471348707579, 0.981627183447664, 0.15436771993923548, 0.0, -0.7978464547044175, -0.003645265111608959, 0.602849688361749, 0.0, 0.5923363528926988, -0.19077417214830833, 0.7827789344910248, 0.0, 1.6327118015820226, -1.0483631568642042, 2.274755777173821, 1.0], "id": 1}, {"mat": [0.15436771993923554, 0.981627183447664, 0.11215471348707567, 0.0, -0.5383766068348746, -0.011609628218248244, 0.8426243799852937, 0.0, 0.8284450713558072, -0.19045547839125118, 0.5266929603640352, 0.0, 2.2542023903000907, -1.0517449279513145, 1.6610011116794747, 1.0], "id": 2}, {"mat": [0.18147013842059478, 0.981627183447664, 0.058963222250963065, 0.0, -0.35117007219247154, 0.008680790711797849, 0.9362714479620492, 0.0, 0.9185576570133986, -0.19061142827549524, 0.3462933931694788, 0.0, 2.6570059100601955, -1.0472491364461136, 0.8835669894297944, 1.0], "id": 3}, {"mat": [0.1908089953765448, 0.981627183447664, -4.94839861916345e-17, 0.0, -0.04510412340798332, 0.008767353451429653, 0.9989438180223426, 0.0, 0.9805904065077279, -0.19060746635445316, 0.04594832352703289, 0.0, 2.8, -1.050685549656436, 0.006748704617886986, 1.0], "id": 4}, {"mat": [0.18147013842059476, 0.981627183447664, -0.05896322225096316, 0.0, 0.2684168632944356, 0.008239092678661773, 0.9632676185001803, 0.0, 0.946055482707429, -0.19063103123164057, -0.2619901402167166, 0.0, 2.657781879271499, -1.052280956817565, -0.8811788017628107, 1.0], "id": 5}, {"mat": [0.15436771993923548, 0.9816271834476639, -0.11215471348707576, 0.0, 0.5567434589707972, 0.0073534151186800956, 0.8306519416574697, 0.0, 0.8162152460803425, -0.19066724942343574, -0.5453793836067764, 0.0, 2.2745005177637303, -1.0523865663639074, -1.633063136019101, 1.0], "id": 6}, {"mat": [0.1121547134870757, 0.981627183447664, -0.15436771993923554, 0.0, 0.7729936052081685, 0.011432278561427773, 0.6343107986737826, 0.0, 0.6244214975078213, -0.1904662062506108, -0.7575093515769885, 0.0, 1.640382511508413, -1.0525262084233735, -2.269182680192306, 1.0], "id": 7}, {"mat": [0.058963222250963065, 0.981627183447664, -0.18147013842059478, 0.0, 0.9660081106907799, -0.010272575336887288, 0.2583075768837954, 0.0, 0.25169757349131006, -0.19053227262738004, -0.9488655250276681, 0.0, 0.8473024894569702, -1.0470379436807629, -2.668788960375404, 1.0], "id": 8}, {"mat": [-3.7843488939609e-17, 0.981627183447664, -0.1908089953765448, 0.0, 0.9996490665858458, -0.00505461518942115, -0.026003740871921303, 0.0, -0.026490444957515482, -0.19074203412434598, -0.9812826976687502, 0.0, -0.0006574246380816126, -1.04822316013208, -2.8, 1.0], "id": 9}, {"mat": [-0.05896322225096314, 0.981627183447664, -0.18147013842059476, 0.0, 0.950810566698036, -0.00015451301139814862, -0.30977288838936373, 0.0, -0.30410952743566494, -0.19080893281588157, -0.9333323879950385, 0.0, -0.8805269692764278, -1.045303366865053, -2.6579936724849693, 1.0], "id": 10}, {"mat": [-0.11215471348707576, 0.9816271834476639, -0.1543677199392355, 0.0, 0.8070457680389722, -0.0006503296992043623, -0.5904885311008741, 0.0, -0.5797399835555742, -0.190807887121808, -0.7921451266523667, 0.0, -1.6484009235883712, -1.052004347880186, -2.263356962809144, 1.0], "id": 11}, {"mat": [-0.15436771993923554, 0.981627183447664, -0.11215471348707569, 0.0, 0.5954541106335239, 0.0018492080494399712, -0.8033871934249567, 0.0, -0.788419310500701, -0.19080003445019653, -0.5847993995238051, 0.0, -2.2723900685195573, -1.0475991497099404, -1.6359679202028536, 1.0], "id": 12}, {"mat": [-0.18147013842059478, 0.9816271834476639, -0.058963222250963086, 0.0, 0.3435671355583896, 0.007105284628494791, -0.939101239640621, 0.0, -0.9214283543639263, -0.19067665732059172, -0.33854423658841437, 0.0, -2.657073277573256, -1.048169294076914, -0.8833596535439079, 1.0], "id": 13}, {"mat": [-0.1908089953765448, 0.981627183447664, 2.6169317016467734e-17, 0.0, -0.01941612059911046, -0.003774111524310288, -0.9998043660352174, 0.0, -0.9814351438298278, -0.1907716666562631, 0.019779526205577658, 0.0, -2.8, -1.0531204483364887, 0.011577106273241914, 1.0], "id": 14}, {"mat": [-0.18147013842059476, 0.981627183447664, 0.058963222250963135, 0.0, -0.3067786854794921, 0.00045729214324176885, -0.9517807673090324, 0.0, -0.9343208372914976, -0.19080844740341563, 0.30105931210047787, 0.0, -2.6608798566086302, -1.0494717379334062, 0.8716442079137809, 1.0], "id": 15}, {"mat": [-0.1543677199392355, 0.981627183447664, 0.11215471348707574, 0.0, -0.5927604193290923, -0.0011981541246544668, -0.8053779545676006, 0.0, -0.7904465145204705, -0.19080523353225892, 0.5820546972056317, 0.0, -2.2740256678820487, -1.0545365920195262, 1.6337167108111859, 1.0], "id": 16}, {"mat": [-0.11215471348707572, 0.981627183447664, 0.15436771993923554, 0.0, -0.8235854184745803, -0.004906227768134477, -0.5671710389337045, 0.0, -0.5559931462875082, -0.1907459085948988, 0.8090040912354054, 0.0, -1.6473510331351267, -1.0450271641481512, 2.264119752873173, 1.0], "id": 17}, {"mat": [-0.05896322225096309, 0.981627183447664, 0.18147013842059478, 0.0, -0.9569808389940703, -0.0038482438607752843, -0.2901256017958314, 0.0, -0.2840968359908094, -0.19077018565749287, 0.9396253104531704, 0.0, -0.8664636113799847, -1.0549617698144613, 2.6625631344606964, 1.0], "id": 18}, {"mat": [6.115102396303977e-17, 0.981627183447664, 0.1908089953765448, 0.0, -0.998672009033388, -0.00983030902555038, 0.05057255577562473, 0.0, 0.05151910687518264, -0.19055560275433645, 0.9803235914154648, 0.0, -0.0005849598766136041, -1.0499470326656646, 2.8, 1.0], "id": 19}, {"mat": [0.05235257343046239, 0.9909831997148363, 0.1233349339731164, 0.0, -0.9173109398705614, -0.0010945661508469592, 0.39817011630549176, 0.0, 0.39471489413118865, -0.13398171445345203, 0.908982426971566, 0.0, 1.1063863848472497, -0.7969697837316828, 2.5721758993699844, 1.0], "id": 20}, {"mat": [0.08790284670366678, 0.9909831997148363, 0.10112065775268965, 0.0, -0.7162554810308989, -0.007669852393661149, 0.6977960011761712, 0.0, 0.692279694512693, -0.1337664802826343, 0.7091229465460896, 0.0, 1.8474261610818745, -0.795509198780064, 2.1040933204534538, 1.0], "id": 21}, {"mat": [0.11484857688637015, 0.9909831997148363, 0.06900798700237865, 0.0, -0.5621149538208334, 0.007554920316355893, 0.8270246077777952, 0.0, 0.8190461422155519, -0.13377302068039898, 0.5579141473917502, 0.0, 2.398871793929435, -0.8002436048387628, 1.444098166522859, 1.0], "id": 22}, {"mat": [0.13055212816634776, 0.9909831997148363, 0.030140333677357318, 0.0, -0.205536453070007, -0.002687723352111332, 0.9786457697259942, 0.0, 0.9699025251491195, -0.13395922523711257, 0.2033322839178133, 0.0, 2.732247016700754, -0.8028442926021276, 0.612490115816068, 1.0], "id": 23}, {"mat": [0.13347632753124009, 0.9909831997148362, -0.01167766550805676, 0.0, 0.10189502957723731, -0.002001762267171665, 0.9947931422638978, 0.0, 0.9857999152648711, -0.13397123135498404, -0.1012434503215012, 0.0, 2.7909373710482686, -0.8035011300561169, -0.22583696306263978, 1.0], "id": 24}, {"mat": [0.12333493397311639, 0.9909831997148363, -0.05235257343046239, 0.0, 0.4330921834509275, -0.006285243057602592, 0.9013277186203779, 0.0, 0.8928715779413943, -0.1338386850004579, -0.42996226776519936, 0.0, 2.5701591012624223, -0.7952334070345634, -1.1111376634403374, 1.0], "id": 25}, {"mat": [0.10112065775268966, 0.9909831997148363, -0.08790284670366677, 0.0, 0.6585853132380202, -0.00045325325079776323, 0.7525059333644284, 0.0, 0.7456808953988577, -0.1339854187754607, -0.6526928142646601, 0.0, 2.1169635737197514, -0.7964666908393623, -1.8326206283313928, 1.0], "id": 26}, {"mat": [0.06900798700237867, 0.9909831997148362, -0.11484857688637014, 0.0, 0.8380257113310633, 0.004875909820197083, 0.5456089558021301, 0.0, 0.5412493001177414, -0.1338974360709354, -0.830132924136662, 0.0, 1.4455063377958726, -0.7972537381160886, -2.3980256792666355, 1.0], "id": 27}, {"mat": [0.030140333677357353, 0.9909831997148363, -0.1305521281663478, 0.0, 0.966681690315114, 0.0043169888641304225, 0.25594505898075254, 0.0, 0.2542008455834313, -0.13391662141083127, -0.9578351990893718, 0.0, 0.6403221112572447, -0.7975440182122413, -2.7258214942578345, 1.0], "id": 28}, {"mat": [-0.01167766550805672, 0.9909831997148363, -0.13347632753124009, 0.0, 0.99856610617179, 0.004583156243517174, -0.0533359755114398, 0.0, -0.05224331280835221, -0.1339077763305494, -0.9896157555864884, 0.0, -0.24867002351556755, -0.8035061143128942, -2.7889397371050353, 1.0], "id": 29}, {"mat": [-0.05235257343046235, 0.9909831997148363, -0.1233349339731164, 0.0, 0.9167980609395132, -0.0012683943908419913, -0.3993491037090453, 0.0, -0.39590468993528805, -0.13398018158897315, -0.9084650722117109, 0.0, -1.1018405069506416, -0.795842002079674, -2.574105510054658, 1.0], "id": 30}, {"mat": [-0.08790284670366676, 0.9909831997148363, -0.10112065775268966, 0.0, 0.7574932505250802, 0.0005751113512749905, -0.6528427411374669, 0.0, -0.6468980328848895, -0.1339849511321274, -0.7507136390926847, 0.0, -1.8505679968758704, -0.8031817060772937, -2.101362164265337, 1.0], "id": 31}, {"mat": [-0.11484857688637011, 0.9909831997148363, -0.0690079870023787, 0.0, 0.49042832382327284, -0.003848304167441109, -0.8714730344347609, 0.0, -0.863880699853325, -0.1339309091956737, -0.4855642573161143, 0.0, -2.4076464452526336, -0.8015122533344284, -1.4294946943608802, 1.0], "id": 32}, {"mat": [-0.1305521281663478, 0.9909831997148363, -0.030140333677357363, 0.0, 0.26799687855762677, 0.006004474304396829, -0.9634010688034845, 0.0, -0.9545332969124786, -0.13385157515424603, -0.2663643011255845, 0.0, -2.7308237393754435, -0.7983295002475363, -0.6186550072130647, 1.0], "id": 33}, {"mat": [-0.13347632753124009, 0.9909831997148363, 0.011677665508056713, 0.0, -0.10874290867360731, -0.0029326821569613287, -0.9940655809294323, 0.0, -0.9850680432345659, -0.1339540863815329, 0.10815383922779719, 0.0, -2.7896766215522844, -0.7999237192993515, 0.24024739574241985, 1.0], "id": 34}, {"mat": [-0.12333493397311641, 0.9909831997148363, 0.052352573430462346, 0.0, -0.4126103837143416, -0.0032303442071968465, -0.9109018806256834, 0.0, -0.9025193434563886, -0.13394723871453254, 0.4092883725783098, 0.0, -2.5846319759618566, -0.7968150718885845, 1.077041707339405, 1.0], "id": 35}, {"mat": [-0.10112065775268968, 0.9909831997148363, 0.08790284670366676, 0.0, -0.6547004329838971, 0.0002431972160254975, -0.7558884070455186, 0.0, -0.7490940899689177, -0.13398596470548343, 0.6487725376706229, 0.0, -2.101405552069446, -0.8037845252835596, 1.8505180849167648, 1.0], "id": 36}, {"mat": [-0.0690079870023787, 0.9909831997148363, 0.11484857688637011, 0.0, -0.8319592314826101, 0.00636356892699273, -0.5548002722974964, 0.0, -0.5505285958792189, -0.13383498374287775, 0.8240184841651306, 0.0, -1.4401104142176862, -0.7971855153295405, 2.4012678772480496, 1.0], "id": 37}, {"mat": [-0.030140333677357373, 0.9909831997148363, 0.13055212816634776, 0.0, -0.9803629525260272, -0.0038429141887528005, -0.1971641786050099, 0.0, -0.1948846879574378, -0.1339310639600941, 0.971639042292069, 0.0, -0.639363616539764, -0.802213633975178, 2.726042780199463, 1.0], "id": 38}, {"mat": [0.01167766550805675, 0.9909831997148363, 0.13347632753124009, 0.0, -0.9900019078774089, -0.007307061693069663, 0.14086457769256244, 0.0, 0.14056974968808983, -0.13378678833262503, 0.9809899289698488, 0.0, 0.22742765122672376, -0.8008740800847536, 2.7907982038667063, 1.0], "id": 39}, {"mat": [0.03601740203011232, 0.9970527522269202, 0.06773888121105082, 0.0, -0.9038333881831226, 0.003580877095459807, 0.4278695872864114, 0.0, 0.4263659849899123, -0.07663541345847102, 0.9012985411325324, 0.0, 1.2971232443150125, -0.5494131680473149, 2.4815034788996813, 1.0], "id": 40}, {"mat": [0.05518705037492112, 0.9970527522269202, 0.053293515061773766, 0.0, -0.6634344643132511, -0.003272312829100325, 0.748227240569426, 0.0, 0.7461964225539447, -0.07664920903357121, 0.6612985692727775, 0.0, 2.019661792519231, -0.5533168642865814, 1.93933730119377, 1.0], "id": 41}, {"mat": [0.06895460571824297, 0.9970527522269202, 0.033631408340496924, 0.0, -0.43375605074908496, -0.00039460219577925346, 0.9010302618267959, 0.0, 0.8983879734217277, -0.07671801330737571, 0.43245045455562936, 0.0, 2.5204574744556196, -0.5514947952669432, 1.2195780491599981, 1.0], "id": 42}, {"mat": [0.07597240381887493, 0.9970527522269202, 0.010677225047051772, 0.0, -0.13309435026535227, -0.0004721262955270667, 0.991103259516487, 0.0, 0.9881872736406928, -0.07671757538846403, 0.13266621966834594, 0.0, 2.7719820228064287, -0.5500415936904219, 0.3951533400474158, 1.0], "id": 43}, {"mat": [0.07555349370285265, 0.9970527522269202, -0.013322119426600089, 0.0, 0.18157016712073487, -0.0006194095846225249, 0.9833777965479568, 0.0, 0.9804712866785245, -0.07671652760970134, -0.18108183340818185, 0.0, 2.76019822999171, -0.5481932107532408, -0.4706953125092036, 1.0], "id": 44}, {"mat": [0.0677388812110508, 0.9970527522269202, -0.036017402030112326, 0.0, 0.46363047374956173, 0.0005081331652302804, 0.886028512865948, 0.0, 0.8834354689410157, -0.07671734534907985, -0.46222961949615254, 0.0, 2.4628958984667144, -0.5467270371215774, -1.332119013291353, 1.0], "id": 45}, {"mat": [0.05329351506177376, 0.9970527522269201, -0.05518705037492113, 0.0, 0.7600132033944312, -0.00465191902065485, 0.6498909834084174, 0.0, 0.6477188679654895, -0.07657786185412112, -0.7580211732896092, 0.0, 1.9319343274093108, -0.550760668399321, -2.026810761203074, 1.0], "id": 46}, {"mat": [0.03363140834049691, 0.9970527522269202, -0.06895460571824297, 0.0, 0.9118300009141204, -0.0023630085987401406, 0.4105611594188098, 0.0, 0.4091881936297647, -0.07668262819626014, -0.9092220832815953, 0.0, 1.2109563081590287, -0.5489852856129788, -2.5246625785119665, 1.0], "id": 47}, {"mat": [0.010677225047051762, 0.9970527522269202, -0.07597240381887493, 0.0, 0.9855778690822644, 0.0023386703655494737, 0.1692063668902094, 0.0, 0.16888534821161208, -0.07668337432354481, -0.9826481563926112, 0.0, 0.3959350710886789, -0.5471415347889225, -2.7718721576733767, 1.0], "id": 48}, {"mat": [-0.013322119426600101, 0.9970527522269202, -0.07555349370285265, 0.0, 0.9877458875211103, 0.0013716805499081855, -0.1560646666532914, 0.0, -0.15550107015425124, -0.0767067648202725, -0.984853029345846, 0.0, -0.4941701697700634, -0.5483328315970272, -2.756058979288341, 1.0], "id": 49}, {"mat": [-0.036017402030112326, 0.9970527522269202, -0.0677388812110508, 0.0, 0.8810096877004032, -0.00031638963944447186, -0.47309811886714787, 0.0, -0.4717252133700712, -0.07671837572785052, -0.8784017383274245, 0.0, -1.3018527205590213, -0.5479389045309588, -2.4789887717739223, 1.0], "id": 50}, {"mat": [-0.05518705037492113, 0.9970527522269202, -0.053293515061773766, 0.0, 0.6668056326841689, -0.002925295000344881, -0.7452259327679265, 0.0, -0.7431854665502958, -0.0766632371210905, -0.664678952865618, 0.0, -2.0152397654435035, -0.5499269876556324, -1.9439164442790886, 1.0], "id": 51}, {"mat": [-0.06895460571824295, 0.9970527522269202, -0.033631408340496945, 0.0, 0.4080368581124263, -0.002575762565472306, -0.9129618216929698, 0.0, -0.910357723519706, -0.07667577664379997, -0.40665666169889403, 0.0, -2.523139172776548, -0.5509131461703922, -1.2140797527906417, 1.0], "id": 52}, {"mat": [-0.07597240381887492, 0.9970527522269202, -0.0106772250470518, 0.0, 0.17126739199721627, 0.002499531455761491, -0.9852214130747329, 0.0, -0.9822910333991924, -0.0766782995326921, -0.1709525199706664, 0.0, -2.770197801718728, -0.5467429509009494, -0.4078487327528831, 1.0], "id": 53}, {"mat": [-0.07555349370285265, 0.9970527522269202, 0.013322119426600063, 0.0, -0.15178725770523005, 0.0017047055073322384, -0.9884117170377228, 0.0, -0.9855213330961531, -0.07670008641362056, 0.151211106591163, 0.0, -2.754510517358744, -0.5454254506829991, 0.502951933759757, 1.0], "id": 54}, {"mat": [-0.06773888121105082, 0.9970527522269202, 0.03601740203011229, 0.0, -0.5088075683851307, -0.0034698626595539316, -0.8608732882411523, 0.0, -0.8582111059210813, -0.07664052015642524, 0.5075430310267958, 0.0, -2.480935356281826, -0.5455537965627527, 1.2981917275579735, 1.0], "id": 55}, {"mat": [-0.0532935150617738, 0.9970527522269202, 0.05518705037492111, 0.0, -0.6893348447722017, 0.003251969776289076, -0.7244355709622897, 0.0, -0.7224799464588931, -0.07665007481599541, 0.6871298952857874, 0.0, -1.9447654712351612, -0.552406144088064, 2.0144198696425155, 1.0], "id": 56}, {"mat": [-0.03363140834049695, 0.9970527522269202, 0.06895460571824295, 0.0, -0.8932386563819739, 0.0009626976152763626, -0.4495817789437508, 0.0, -0.44832313248142885, -0.07671298775321642, 0.8905736838645155, 0.0, -1.215217243861423, -0.5546709240686788, 2.5225843813121256, 1.0], "id": 57}, {"mat": [-0.010677225047051805, 0.9970527522269202, 0.07597240381887492, 0.0, -0.987349467563903, 0.0015078726156793538, -0.15855205839550673, 0.0, -0.15819932290174915, -0.07670420846927811, 0.9844234041491139, 0.0, -0.37337905185708453, -0.5471199806661022, 2.7750421994437486, 1.0], "id": 58}, {"mat": [0.013322119426600089, 0.9970527522269202, 0.07555349370285265, 0.0, -0.9745259366168548, -0.003971043244319817, 0.2242396701669742, 0.0, 0.22387880648919192, -0.07661618688159397, 0.9716008645080033, 0.0, 0.4927358749101641, -0.5515986045931432, 2.7563118841704326, 1.0], "id": 59}, {"mat": [0.01045567650332361, 0.9998157121216442, 0.016100329920447284, 0.0, -0.8624763809495765, 0.0008696125746230304, 0.5060965679374749, 0.0, 0.5059892994253722, -0.019177736275678134, 0.8623265293949628, 0.0, 1.523711793025851, -0.2963569103967726, 2.3491072117050713, 1.0], "id": 60}, {"mat": [0.014919214831221701, 0.9998157121216442, 0.012081341958129398, 0.0, -0.6150891705116702, -0.00034904122840778533, 0.7884574753843651, 0.0, 0.7883163891154905, -0.019194269064235683, 0.6149706096123654, 0.0, 2.1804832859988674, -0.29952796979700635, 1.756571431631892, 1.0], "id": 61}, {"mat": [0.017922356463157787, 0.9998157121216442, 0.006879748069290747, 0.0, -0.33984593549198044, -0.00037950259320541365, 0.9404810450547966, 0.0, 0.9403103366806026, -0.019193690954872483, 0.3397765044248067, 0.0, 2.611349393117601, -0.3020946100428168, 1.0104009588454832, 1.0], "id": 62}, {"mat": [0.019171132972079848, 0.9998157121216442, 0.0010047165054065357, 0.0, -0.06029618704012785, 0.00015308598959929383, 0.9981805179390658, 0.0, 0.9979964115611782, -0.01919683201388166, 0.060288010015608046, 0.0, 2.7963271203189235, -0.3022874098683692, 0.14340329962591852, 1.0], "id": 63}, {"mat": [0.018543305412557044, 0.9998157121216441, -0.004968663710298392, 0.0, 0.20646799822971482, 0.0010331942172892438, 0.9784528083748976, 0.0, 0.978277624977384, -0.01916961930761181, -0.206410789844451, 0.0, 2.7021712627255554, -0.29736603979811427, -0.7337288111932433, 1.0], "id": 64}, {"mat": [0.01610032992044728, 0.9998157121216441, -0.010455676503323609, 0.0, 0.5617967542240272, -0.0003954641378801589, 0.8272751963835635, 0.0, 0.8271186047477113, -0.019193368719561815, -0.5616995889952157, 0.0, 2.340031652682435, -0.2997686383708745, -1.53768692839184, 1.0], "id": 65}, {"mat": [0.012081341958129396, 0.9998157121216442, -0.014919214831221701, 0.0, 0.7840711748535664, -0.00021274891698540326, 0.6206708850120539, 0.0, 0.6205533288447002, -0.019196263505894186, -0.7839292503326901, 0.0, 1.7772578296389643, -0.30235369228482295, -2.1637317711884227, 1.0], "id": 66}, {"mat": [0.006879748069290746, 0.9998157121216441, -0.01792235646315779, 0.0, 0.918271140044554, 0.0007790514929597848, 0.39595139403725593, 0.0, 0.39589238743347677, -0.019181628540369575, -0.9180965541263953, 0.0, 1.021945015058165, -0.29679915445886956, -2.606918045119125, 1.0], "id": 67}, {"mat": [0.0010047165054065325, 0.9998157121216441, -0.019171132972079848, 0.0, 0.9974739480471341, 0.00035965821556915666, 0.07103234202271111, 0.0, 0.07102614667858029, -0.01919407306064497, -0.9972897643349878, 0.0, 0.14101441651192384, -0.3030787209208695, -2.7964523163778945, 1.0], "id": 68}, {"mat": [-0.00496866371029839, 0.9998157121216441, -0.018543305412557044, 0.0, 0.9774994635917034, 0.000945593727292366, -0.21093578295404294, 0.0, -0.2108793756128516, -0.019174140063958768, -0.9773240206267017, 0.0, -0.7199165910777986, -0.3015115125828153, -2.7058722359511695, 1.0], "id": 69}, {"mat": [-0.01045567650332361, 0.9998157121216442, -0.016100329920447284, 0.0, 0.8616725463385607, 0.0008391861086793329, -0.5074640072488845, 0.0, -0.5073569766104324, -0.019179091776317332, -0.8615225247916369, 0.0, -1.5295801047873605, -0.3041304248911235, -2.3452962854878967, 1.0], "id": 70}, {"mat": [-0.014919214831221696, 0.9998157121216441, -0.012081341958129406, 0.0, 0.6592303593252622, 0.0007508853801522062, -0.7519406688795542, 0.0, -0.751793023625988, -0.01918275177953562, -0.6591200737812944, 0.0, -2.184148491392049, -0.2986442769941268, -1.7520452799137352, 1.0], "id": 71}, {"mat": [-0.017922356463157783, 0.9998157121216442, -0.006879748069290754, 0.0, 0.345325057545601, -0.00026753783718907765, -0.9384831021678723, 0.0, -0.9383119917010199, -0.019195578089629798, -0.3452566234149173, 0.0, -2.6088225603460473, -0.30200091105046684, -1.016983583266968, 1.0], "id": 72}, {"mat": [-0.019171132972079848, 0.9998157121216442, -0.0010047165054065423, 0.0, 0.05912704525482932, 0.0001305978034578168, -0.9982504572819624, 0.0, -0.9980663606093536, -0.019196998174275462, -0.05911865256496181, 0.0, -2.796683760344769, -0.296407666066095, -0.1365982025444413, 1.0], "id": 73}, {"mat": [-0.018543305412557047, 0.9998157121216442, 0.004968663710298381, 0.0, -0.2053251961121148, 0.001055584274668612, -0.9786932356889777, 0.0, -0.9785181192322902, -0.019168399425316552, 0.20526778314575647, 0.0, -2.706139206920453, -0.301078496478748, 0.7189202418562856, 1.0], "id": 74}, {"mat": [-0.016100329920447284, 0.9998157121216442, 0.0104556765033236, 0.0, -0.5726057966533448, -0.0006473781956039017, -0.8198305816084567, 0.0, -0.8196727279929723, -0.019186523816503605, 0.5725106953484779, 0.0, -2.3393978178975114, -0.29835849105436624, 1.5386629483699907, 1.0], "id": 75}, {"mat": [-0.012081341958129405, 0.9998157121216442, 0.014919214831221692, 0.0, -0.8041920436890048, -0.0008483575129369278, -0.5943689402692842, 0.0, -0.5942467484503322, -0.019178688282039696, 0.8040540901406993, 0.0, -1.7743336732752641, -0.29651565451636763, 2.166099706322313, 1.0], "id": 76}, {"mat": [-0.006879748069290756, 0.9998157121216442, 0.017922356463157783, 0.0, -0.9183654427743075, 0.0007744810876324, -0.39573262905274165, 0.0, -0.39567358085226395, -0.019181813619527827, 0.9181908709205361, 0.0, -1.0022509049835133, -0.30256360671052274, 2.6144779056788123, 1.0], "id": 77}, {"mat": [-0.0010047165054065433, 0.9998157121216442, 0.019171132972079848, 0.0, -0.9992407561950428, -0.00025710271190766264, -0.038959531015588154, 0.0, -0.03894742229599809, -0.019195720691991044, 0.9990568665514552, 0.0, -0.16489242500483098, -0.3023040726074102, 2.7952009229790797, 1.0], "id": 78}, {"mat": [0.004968663710298389, 0.9998157121216442, 0.018543305412557044, 0.0, -0.9669972627247863, 8.011046890030963e-05, 0.25478674899822296, 0.0, 0.25473830937592534, -0.019197275249424748, 0.9668194548928426, 0.0, 0.7205885624532555, -0.3004837420154024, 2.705692181763779, 1.0], "id": 79}, {"mat": [-0.023633895177342185, 0.9992629164106211, -0.030250006368367582, 0.0, -0.8191221733958011, -0.002008653266674186, 0.5736155771624349, 0.0, 0.5731320127597876, 0.0383352213844417, 0.8185658841848469, 0.0, 1.7375647306946187, -0.04750191089094659, 2.1957166529864995, 1.0], "id": 80}, {"mat": [-0.03182493606162386, 0.9992629164106211, -0.02146619042153104, 0.0, -0.5839691057915858, -0.0011599165235389231, 0.8117750538632202, 0.0, 0.8111518088037831, 0.038370281210831636, 0.5835755860162011, 0.0, 2.318426146924902, -0.05175399884666308, 1.5700085061096782, 1.0], "id": 81}, {"mat": [-0.03690073046682581, 0.9992629164106211, -0.010581114192491824, 0.0, -0.2433974894612671, 0.0012822954357068104, 0.9699257795534502, 0.0, 0.9692244312928596, 0.038366386394283254, 0.2431707675278373, 0.0, 2.6951393132759005, -0.048212815970978457, 0.7592070106393971, 1.0], "id": 82}, {"mat": [-0.03836442427142771, 0.9992629164106211, 0.0013397152166660768, 0.0, 0.07684999965907209, 0.0016137439748563813, 0.9970413599158183, 0.0, 0.9963042951341334, 0.03835387486191575, -0.07685526514399647, 0.0, 2.7984114738012735, -0.04945302136804238, -0.09436362037228604, 1.0], "id": 83}, {"mat": [-0.03607274092768074, 0.9992629164106211, 0.013129403966071918, 0.0, 0.3654261943570646, 0.000961260928595382, 0.9308398210514739, 0.0, 0.9301410935119883, 0.03837577183545673, -0.3651915200225159, 0.0, 2.633437214645482, -0.04695040481988664, -0.9513430376667058, 1.0], "id": 84}, {"mat": [-0.03025000636836759, 0.999262916410621, 0.023633895177342185, 0.0, 0.6062356210726358, -0.00045738703983788187, 0.7952849568172223, 0.0, 0.7947095751640275, 0.038385084129589526, -0.6057749387841784, 0.0, 2.2163231038179756, -0.04909720146530412, -1.7111896763836731, 1.0], "id": 85}, {"mat": [-0.021466190421531042, 0.9992629164106211, 0.03182493606162386, 0.0, 0.8179289757509889, -0.0007522166484872238, 0.5753187158410996, 0.0, 0.5749185971037333, 0.038380438463540466, -0.8173099464998707, 0.0, 1.550630964741463, -0.05049122004051382, -2.3314964636132296, 1.0], "id": 86}, {"mat": [-0.010581114192491825, 0.9992629164106211, 0.03690073046682581, 0.0, 0.9760012022160747, 0.002293624008296203, 0.21775305408118933, 0.0, 0.21750791547716655, 0.03831922722927023, -0.9753060768442537, 0.0, 0.755582679111418, -0.045002456826528765, -2.6961785736180084, 1.0], "id": 87}, {"mat": [0.001339715216666075, 0.9992629164106211, 0.03836442427142771, 0.0, 0.9965406354602022, 0.001853841977159819, -0.08308625124832722, 0.0, -0.08309613131617302, 0.038343019657606496, -0.9958036180913492, 0.0, -0.1116709540746189, -0.053898126534320565, -2.7978070883905377, 1.0], "id": 88}, {"mat": [0.013129403966071915, 0.9992629164106211, 0.03607274092768074, 0.0, 0.922994929940831, 0.0017640085958395696, -0.3848080658941472, 0.0, -0.3845880628087879, 0.03834725753184551, -0.9222914451434372, 0.0, -0.9643999800806645, -0.04597312141421874, -2.628684876256273, 1.0], "id": 89}, {"mat": [0.02363389517734218, 0.9992629164106211, 0.03025000636836759, 0.0, 0.7655734274783038, 0.0013687797600316878, -0.6433470708576287, 0.0, -0.6429142758858825, 0.03836339829197103, -0.7649767862710756, 0.0, -1.7195293268992218, -0.04612693764852761, -2.2098074547400874, 1.0], "id": 90}, {"mat": [0.031824936061623864, 0.9992629164106211, 0.021466190421531032, 0.0, 0.5694934252582917, -0.0004793279105624812, -0.8219957474539225, 0.0, -0.8213795785337324, 0.03838481641605224, -0.5690889155803809, 0.0, -2.3176826733156277, -0.04844874202513864, -1.5711107510639073, 1.0], "id": 91}, {"mat": [0.0369007304668258, 0.9992629164106211, 0.010581114192491812, 0.0, 0.3219295351972975, -0.0018630134987740223, -0.9467617987373358, 0.0, -0.9460442433938632, 0.03834257512535202, -0.3217609927789415, 0.0, -2.694094343800468, -0.05104749628267525, -0.7628512522813945, 1.0], "id": 92}, {"mat": [0.0383644242714277, 0.9992629164106211, -0.0013397152166660894, 0.0, -0.01181776235484795, -0.0008868931999858671, -0.999929774490877, 0.0, -0.9991939308478841, 0.03837756254625477, 0.011775026529145308, 0.0, -2.7983394659487457, -0.04623304055790394, 0.09642565547563618, 1.0], "id": 93}, {"mat": [0.03607274092768073, 0.9992629164106211, -0.013129403966071927, 0.0, -0.28847915854320616, -0.0021665535811941352, -0.9574837236902691, 0.0, -0.9568064237076213, 0.03832662171545638, 0.28818837176352574, 0.0, -2.637938447706013, -0.04942083103027132, 0.9389760014731963, 1.0], "id": 94}, {"mat": [0.030250006368367582, 0.9992629164106211, -0.02363389517734219, 0.0, -0.6086632404208276, -0.0003399920796917897, -0.7934286005468945, 0.0, -0.7928518126832601, 0.038386303441795805, 0.6082043199722795, 0.0, -2.210922400054957, -0.05408781927853876, 1.718102261973102, 1.0], "id": 95}, {"mat": [0.021466190421531032, 0.9992629164106211, -0.031824936061623864, 0.0, -0.8297055311498842, 4.592900948831691e-05, -0.558201334170579, 0.0, -0.5577884314398022, 0.038387781611679064, 0.8290949547397204, 0.0, -1.568399075432352, -0.0504456397565529, 2.3195117216240257, 1.0], "id": 96}, {"mat": [0.010581114192491815, 0.9992629164106211, -0.03690073046682581, 0.0, -0.9697916855826758, 0.001261161715708867, -0.24393133469449807, 0.0, -0.243704999122213, 0.03836708690618442, 0.9690902125422459, 0.0, -0.7672028624587703, -0.04822641271971829, 2.692846539661484, 1.0], "id": 97}, {"mat": [-0.0013397152166660774, 0.9992629164106211, -0.0383644242714277, 0.0, -0.9999734647165264, -0.0016134096363869268, -0.0071039969152084615, 0.0, -0.00716065820747723, 0.038353888927787905, 0.99923856219531, 0.0, 0.11315063454873114, -0.04739708231222057, 2.7977554168097796, 1.0], "id": 98}, {"mat": [-0.013129403966071916, 0.9992629164106211, -0.03607274092768074, 0.0, -0.9584703461475552, -0.0022985080458281467, 0.28518294552190376, 0.0, 0.28488982836753146, 0.03831893457943659, 0.9577940514251565, 0.0, 0.9727447551624039, -0.05441227776288729, 2.625647626514874, 1.0], "id": 99}, {"mat": [-0.06536664603774879, 0.9953961983671789, -0.07009714589014078, 0.0, -0.759527918525614, -0.00407100746205291, 0.6504619649744265, 0.0, 0.6471820011140019, 0.09575925633802683, 0.7562973107579214, 0.0, 1.8972914568587762, 0.20002035915383362, 2.059263984755155, 1.0], "id": 100}, {"mat": [-0.08382858399979327, 0.9953961983671789, -0.04646694288155425, 0.0, -0.47584200394888015, 0.0009844515869964418, 0.8795302258211406, 0.0, 0.8755267875870525, 0.09584069663374156, 0.4735687965715812, 0.0, 2.4424083390209588, 0.19536827839974036, 1.3692416694895122, 1.0], "id": 101}, {"mat": [-0.09408479609184929, 0.9953961983671789, -0.018288231749492945, 0.0, -0.1768740525292409, 0.0013649979261209444, 0.9842325468722039, 0.0, 0.9797262988642483, 0.09583603214255955, 0.17593133392585825, 0.0, 2.7471342440338034, 0.1975686436509898, 0.541580072116311, 1.0], "id": 102}, {"mat": [-0.09513133281511488, 0.9953961983671789, 0.011680658927811885, 0.0, 0.1584670949612707, 0.003558578700991054, 0.9873578461389592, 0.0, 0.9827706799306518, 0.09577966795618408, -0.15807607622549233, 0.0, 2.7812037707567034, 0.19979290264695623, -0.3243383389183906, 1.0], "id": 103}, {"mat": [-0.08686575186346665, 0.9953961983671789, 0.040506165325326256, 0.0, 0.3935491565466318, -0.0030654247650155277, 0.9192984632601345, 0.0, 0.9151903640962515, 0.09579671939674161, -0.3914710538701331, 0.0, 2.5399665996804686, 0.20463933342703242, -1.1783884819490988, 1.0], "id": 104}, {"mat": [-0.0700971458901408, 0.9953961983671789, 0.06536664603774878, 0.0, 0.7105094047524833, 0.0038252666859973604, 0.7036773075018499, 0.0, 0.70018767191113, 0.0957693876504858, -0.7075065006717061, 0.0, 2.058942325105482, 0.19655839152521987, -1.897636394602363, 1.0], "id": 105}, {"mat": [-0.04646694288155426, 0.9953961983671789, 0.08382858399979327, 0.0, 0.8594229619927548, -0.002936698573075645, 0.5112568319358587, 0.0, 0.5091492861812166, 0.0958007519681287, -0.855329889752193, 0.0, 1.3514228771048116, 0.1981889834475837, -2.452285456925756, 1.0], "id": 106}, {"mat": [-0.01828823174949295, 0.9953961983671789, 0.09408479609184929, 0.0, 0.9890261974218019, 0.004212473978006855, 0.14768018105472291, 0.0, 0.14660396104078485, 0.09575313748986317, -0.984549955699557, 0.0, 0.515504455142415, 0.19591834024357463, -2.7522028305221458, 1.0], "id": 107}, {"mat": [0.01168065892781188, 0.9953961983671789, 0.09513133281511488, 0.0, 0.9868420128820675, 0.0038679860776768037, -0.1616412085285559, 0.0, -0.16126501113968061, 0.09576767178892322, -0.9822536073857139, 0.0, -0.33050522788377146, 0.20198622731967517, -2.780446572002952, 1.0], "id": 108}, {"mat": [0.04050616532532625, 0.9953961983671789, 0.08686575186346665, 0.0, 0.9064256449368857, -2.6860770254132625e-05, -0.42236542173720837, 0.0, -0.4204186018379637, 0.09584574875635875, -0.902253729099495, 0.0, -1.1776789709011184, 0.19831669602188387, -2.5402974501156876, 1.0], "id": 109}, {"mat": [0.06536664603774878, 0.9953961983671789, 0.0700971458901408, 0.0, 0.768825926833045, -0.005458143810474333, -0.6394348308431858, 0.0, -0.6361083994218949, 0.09569021340927296, -0.765643185330218, 0.0, -1.9089070648690274, 0.20311371901507902, -2.048432255050934, 1.0], "id": 110}, {"mat": [0.08382858399979329, 0.9953961983671789, 0.04646694288155422, 0.0, 0.48225600131882373, 0.00028090499699545094, -0.8760302907344937, 0.0, -0.8720102738480598, 0.09584534088076835, -0.48001224248437774, 0.0, -2.443169274203562, 0.20060210802238693, -1.3678689060814302, 1.0], "id": 111}, {"mat": [0.09408479609184929, 0.9953961983671789, 0.018288231749492914, 0.0, 0.14664428168396482, 0.004313210860963465, -0.9891798880190916, 0.0, -0.9847047810352852, 0.09574865267060884, -0.14556335293614941, 0.0, -2.7476647604474165, 0.19503147317058303, -0.5388508017701191, 1.0], "id": 112}, {"mat": [0.09513133281511486, 0.9953961983671789, -0.011680658927811914, 0.0, -0.1552595276703388, 0.0032460362580628535, -0.9878683830937169, 0.0, -0.98328251717622, 0.09579076951762817, 0.15485354335893473, 0.0, -2.7793989235418017, 0.201629317144388, 0.33903763988611085, 1.0], "id": 113}, {"mat": [0.08686575186346664, 0.9953961983671789, -0.040506165325326283, 0.0, -0.47051438208636437, 0.0051535918667584895, -0.8823772757391012, 0.0, -0.878106233552115, 0.09570709883304844, 0.46879589783815273, 0.0, -2.544828885338502, 0.20026729185404088, 1.167961276705952, 1.0], "id": 114}, {"mat": [0.07009714589014078, 0.9953961983671789, -0.0653666460377488, 0.0, -0.7022815330221552, 0.0027062552101788937, -0.7118941807310893, 0.0, -0.7084398623130321, 0.09580753863295624, 0.6992380689200115, 0.0, -2.052540767555148, 0.19693682247139122, 1.9045012246147637, 1.0], "id": 115}, {"mat": [0.04646694288155423, 0.9953961983671789, -0.08382858399979329, 0.0, -0.8774429663687666, 0.0005637381405114451, -0.47968064685714445, 0.0, -0.4774250349418451, 0.09584409463016987, 0.873429588195466, 0.0, -1.3411302447680644, 0.2026312926307234, 2.45799075619329, 1.0], "id": 116}, {"mat": [0.01828823174949292, 0.9953961983671789, -0.09408479609184929, 0.0, -0.9854351333625485, 0.002033085216248096, -0.17003959685684883, 0.0, -0.169065485875187, 0.09582418713806809, 0.9809355670201358, 0.0, -0.5321916828009532, 0.20413683781537648, 2.7489591620512277, 1.0], "id": 117}, {"mat": [-0.011680658927811895, 0.9953961983671789, -0.09513133281511485, 0.0, -0.9977546771987563, -0.005327763227201463, 0.06676240758840538, 0.0, 0.06594820949061175, 0.09569756117667211, 0.9932234443718189, 0.0, 0.3563902195780114, 0.20199977499153834, 2.777268294663799, 1.0], "id": 118}, {"mat": [-0.04050616532532626, 0.9953961983671789, -0.08686575186346664, 0.0, -0.8823067437775566, 0.00516798923364416, 0.4706464721762248, 0.0, 0.4689286304495412, 0.09570632248419621, 0.8780354431236068, 0.0, 1.1952700050662672, 0.19526064060856688, 2.532094616169612, 1.0], "id": 119}, {"mat": [-0.1136906326058146, 0.9882283814465528, -0.10236750539705543, 0.0, -0.6440806333588254, 0.00513960104859929, 0.7649403390024321, 0.0, 0.756461881253632, 0.15289947875839122, 0.6359144373307059, 0.0, 2.0783771330042518, 0.4486551582956353, 1.8762626851715642, 1.0], "id": 120}, {"mat": [-0.1397595158209375, 0.9882283814465528, -0.062224945488313636, 0.0, -0.4464295497095939, -0.006794312764839147, 0.8947929897245187, 0.0, 0.8838370522237604, 0.15283488939891973, 0.44212392120177535, 0.0, 2.5546888803339365, 0.44526602028557777, 1.146136168493658, 1.0], "id": 121}, {"mat": [-0.15214776386570186, 0.9882283814465528, -0.015991374368487375, 0.0, -0.13497303489989332, -0.004746863891186003, 0.9908379015424827, 0.0, 0.9790982268396663, 0.1529121754038083, 0.13410640854446945, 0.0, 2.784383820767727, 0.4462872358365813, 0.2953198025908208, 1.0], "id": 122}, {"mat": [-0.14964272870748663, 0.9882283814465528, 0.0318075438929832, 0.0, 0.2604291885011882, 0.008360948408030049, 0.9654567480308639, 0.0, 0.9538258182297177, 0.15275719506866034, -0.25861467056832854, 0.0, 2.7401253596777893, 0.45349466382812414, -0.5759798943979592, 1.0], "id": 123}, {"mat": [-0.1324896206411841, 0.9882283814465528, 0.07649291814201893, 0.0, 0.48380706880293417, -0.002878775813305589, 0.8751699451113079, 0.0, 0.8650879843106526, 0.15295874853483607, -0.47773046862010876, 0.0, 2.4163476078604558, 0.44934107292893327, -1.414763174438172, 1.0], "id": 124}, {"mat": [-0.10236750539705544, 0.9882283814465528, 0.11369063260581458, 0.0, 0.7125313857610273, -0.006907306759027836, 0.7016062381555674, 0.0, 0.6941324932203173, 0.15282982436966672, -0.7034366543185553, 0.0, 1.8828377381756332, 0.4527445649511142, -2.072456928687915, 1.0], "id": 125}, {"mat": [-0.06222494548831367, 0.9882283814465528, 0.13975951582093749, 0.0, 0.915532120059548, 0.0007604397621604856, 0.40224415330820845, 0.0, 0.39740280987713933, 0.152983946330635, -0.9048021434915258, 0.0, 1.1430113768060448, 0.45354717729945276, -2.5560801272288756, 1.0], "id": 126}, {"mat": [-0.01599137436848742, 0.9882283814465528, 0.15214776386570186, 0.0, 0.9960315642729972, 0.002420154018185893, 0.08896777970936615, 0.0, 0.0875522639210028, 0.15296669231585922, -0.9843453622201165, 0.0, 0.2922916649681309, 0.45292513629120945, -2.784702090856839, 1.0], "id": 127}, {"mat": [0.03180754389298323, 0.9882283814465528, 0.1496427287074866, 0.0, 0.9710958399840041, 0.004880014594901172, -0.23864001136296287, 0.0, -0.23656109087772115, 0.1529079839677446, -0.9595092488984472, 0.0, -0.5885577439421652, 0.45112203220411123, -2.73745185522547, 1.0], "id": 128}, {"mat": [0.07649291814201897, 0.9882283814465528, 0.13248962064118408, 0.0, 0.8789041261087065, -0.004082973942970228, -0.476980991689262, 0.0, -0.47082520172905906, 0.1529313422006997, -0.8688703205826996, 0.0, -1.4162169724519091, 0.4527186966012173, -2.4155082571858775, 1.0], "id": 129}, {"mat": [0.11369063260581462, 0.9882283814465528, 0.1023675053970554, 0.0, 0.6308389407297682, 0.00779564058316973, -0.7758746411933065, 0.0, -0.7675393611513572, 0.1527870874499037, -0.6225266540413685, 0.0, -2.0802134239285635, 0.4519386488186492, -1.8742232774901562, 1.0], "id": 130}, {"mat": [0.1397595158209375, 0.9882283814465528, 0.06222494548831362, 0.0, 0.4242229615822856, -0.0029762523439549097, -0.9055528812765932, 0.0, -0.8947078610383681, 0.15295688289682027, -0.4196451302834773, 0.0, -2.564465780671725, 0.45431810437688896, -1.1241768908001883, 1.0], "id": 131}, {"mat": [0.15214776386570186, 0.9882283814465528, 0.01599137436848736, 0.0, 0.09968506413273205, 0.0007537304197767703, -0.9950187535314635, 0.0, -0.9833178254966803, 0.1529839795337433, -0.09839693118435901, 0.0, -2.786373996217404, 0.44946977659747644, -0.27638454803474916, 1.0], "id": 132}, {"mat": [0.14964272870748657, 0.9882283814465528, -0.031807543892983216, 0.0, -0.17044172939967125, -0.005905719667224717, -0.9853500592959141, 0.0, -0.9739387406938008, 0.1528718043942003, 0.16755160636960348, 0.0, -2.7367736716803868, 0.44927994073973665, 0.5917483466681167, 1.0], "id": 133}, {"mat": [0.13248962064118408, 0.9882283814465528, -0.07649291814201897, 0.0, -0.47538339723101924, -0.0043640205900079086, -0.8797679131233334, 0.0, -0.8697454375042448, 0.15292358035246387, 0.46920917777973337, 0.0, -2.4195872162023053, 0.45149619204681896, 1.4091520081934652, 1.0], "id": 134}, {"mat": [0.1023675053970554, 0.9882283814465528, -0.1136906326058146, 0.0, -0.7302380557719823, -0.002954019354800871, -0.6831863989219974, 0.0, -0.6754800335621617, 0.15295731389239925, 0.721339576333978, 0.0, -1.8774762062400745, 0.45069853975777513, 2.077284473726324, 1.0], "id": 135}, {"mat": [0.06222494548831363, 0.9882283814465528, -0.1397595158209375, 0.0, -0.9133593330038303, -7.080372693367968e-05, -0.4071544225495169, 0.0, -0.4