(-0.998 -0.023 0.058 0.117 0.006 -0.962 -0.273 0.167 0.062 -0.272 0.960 1.234 0.000 0.000 0.000 1.000)
(-0.977 -0.069 0.202 0.265 0.011 -0.962 -0.273 0.168 0.213 -0.264 0.941 1.199 0.000 0.000 0.000 1.000)
(-0.940 -0.104 0.325 0.395 0.013 -0.962 -0.272 0.169 0.341 -0.252 0.906 1.143 0.000 0.000 0.000 1.000)
(-0.874 -0.159 0.460 0.578 0.016 -0.954 -0.299 0.172 0.486 -0.254 0.836 1.092 0.000 0.000 0.000 1.000)
(-0.832 -0.184 0.524 0.679 0.019 -0.953 -0.304 0.172 0.555 -0.243 0.796 1.036 0.000 0.000 0.000 1.000)
(-0.780 -0.202 0.592 0.776 0.016 -0.953 -0.304 0.172 0.625 -0.228 0.746 0.983 0.000 0.000 0.000 1.000)
(-0.729 -0.216 0.649 0.857 0.009 -0.952 -0.306 0.172 0.684 -0.218 0.696 0.913 0.000 0.000 0.000 1.000)
(-0.701 -0.221 0.678 0.954 0.005 -0.952 -0.305 0.171 0.713 -0.210 0.669 0.879 0.000 0.000 0.000 1.000)
(-0.662 -0.231 0.713 1.012 0.003 -0.952 -0.305 0.171 0.750 -0.200 0.631 0.841 0.000 0.000 0.000 1.000)
(-0.607 -0.245 0.756 1.100 -0.001 -0.951 -0.310 0.172 0.795 -0.189 0.577 0.759 0.000 0.000 0.000 1.000)
(-0.510 -0.264 0.819 1.171 -0.009 -0.950 -0.312 0.171 0.860 -0.166 0.482 0.666 0.000 0.000 0.000 1.000)
(-0.454 -0.279 0.846 1.239 -0.000 -0.950 -0.314 0.172 0.891 -0.143 0.431 0.559 0.000 0.000 0.000 1.000)
(-0.345 -0.296 0.891 1.310 0.009 -0.950 -0.312 0.173 0.939 -0.099 0.331 0.446 0.000 0.000 0.000 1.000)
(-0.257 -0.290 0.922 1.337 0.011 -0.955 -0.297 0.174 0.966 -0.067 0.249 0.315 0.000 0.000 0.000 1.000)
(-0.185 -0.288 0.939 1.354 0.006 -0.956 -0.292 0.172 0.983 -0.049 0.179 0.194 0.000 0.000 0.000 1.000)
(-0.040 -0.300 0.953 1.360 -0.001 -0.954 -0.300 0.171 0.999 -0.013 0.038 0.025 0.000 0.000 0.000 1.000)
(0.073 -0.299 0.951 1.368 -0.001 -0.954 -0.300 0.172 0.997 0.020 -0.070 -0.118 0.000 0.000 0.000 1.000)
(0.210 -0.294 0.932 1.362 0.002 -0.954 -0.301 0.173 0.978 0.065 -0.200 -0.307 0.000 0.000 0.000 1.000)
(0.328 -0.281 0.902 1.321 0.000 -0.955 -0.298 0.174 0.945 0.098 -0.313 -0.503 0.000 0.000 0.000 1.000)
(0.400 -0.274 0.875 1.290 -0.001 -0.954 -0.298 0.173 0.916 0.119 -0.382 -0.599 0.000 0.000 0.000 1.000)
(0.537 -0.246 0.807 1.185 0.005 -0.955 -0.295 0.172 0.843 0.163 -0.512 -0.833 0.000 0.000 0.000 1.000)
(0.655 -0.213 0.725 1.076 0.009 -0.957 -0.289 0.173 0.756 0.196 -0.625 -0.973 0.000 0.000 0.000 1.000)
(0.727 -0.209 0.654 0.986 0.008 -0.950 -0.312 0.174 0.686 0.232 -0.689 -1.072 0.000 0.000 0.000 1.000)
(0.774 -0.197 0.602 0.874 0.003 -0.950 -0.314 0.173 0.634 0.244 -0.734 -1.182 0.000 0.000 0.000 1.000)
(0.890 -0.128 0.437 0.709 0.015 -0.950 -0.310 0.174 0.455 0.283 -0.844 -1.371 0.000 0.000 0.000 1.000)
(0.956 -0.072 0.283 0.445 0.018 -0.952 -0.305 0.173 0.291 0.297 -0.909 -1.560 0.000 0.000 0.000 1.000)
(0.987 -0.025 0.156 0.274 0.024 -0.953 -0.302 0.173 0.156 0.302 -0.940 -1.558 0.000 0.000 0.000 1.000)
(0.999 0.011 0.036 0.093 0.022 -0.953 -0.303 0.171 0.031 0.303 -0.952 -1.582 0.000 0.000 0.000 1.000)
(0.998 0.039 -0.048 -0.084 0.022 -0.952 -0.306 0.170 -0.058 0.305 -0.951 -1.551 0.000 0.000 0.000 1.000)
(0.989 0.066 -0.135 -0.211 0.021 -0.951 -0.309 0.169 -0.148 0.303 -0.941 -1.508 0.000 0.000 0.000 1.000)
(0.969 0.094 -0.230 -0.346 0.019 -0.950 -0.311 0.169 -0.247 0.297 -0.922 -1.450 0.000 0.000 0.000 1.000)
(0.932 0.126 -0.340 -0.494 0.014 -0.950 -0.313 0.168 -0.362 0.286 -0.887 -1.390 0.000 0.000 0.000 1.000)
(0.894 0.151 -0.422 -0.627 0.013 -0.949 -0.314 0.167 -0.448 0.275 -0.850 -1.321 0.000 0.000 0.000 1.000)
(0.811 0.198 -0.551 -0.737 0.018 -0.949 -0.315 0.168 -0.585 0.246 -0.773 -1.192 0.000 0.000 0.000 1.000)
(0.728 0.225 -0.648 -0.844 0.015 -0.950 -0.313 0.168 -0.685 0.218 -0.695 -1.096 0.000 0.000 0.000 1.000)
(0.664 0.240 -0.708 -0.932 0.010 -0.950 -0.313 0.167 -0.748 0.201 -0.633 -0.986 0.000 0.000 0.000 1.000)
(0.593 0.257 -0.763 -1.007 0.003 -0.948 -0.318 0.167 -0.805 0.186 -0.563 -0.870 0.000 0.000 0.000 1.000)
(0.501 0.273 -0.821 -1.113 -0.001 -0.949 -0.315 0.168 -0.865 0.159 -0.475 -0.738 0.000 0.000 0.000 1.000)
(0.439 0.277 -0.855 -1.171 -0.007 -0.950 -0.311 0.168 -0.899 0.143 -0.415 -0.638 0.000 0.000 0.000 1.000)
(0.313 0.295 -0.903 -1.256 0.003 -0.951 -0.310 0.170 -0.950 0.095 -0.298 -0.483 0.000 0.000 0.000 1.000)
(0.151 0.306 -0.940 -1.404 0.009 -0.951 -0.308 0.174 -0.989 0.038 -0.146 -0.246 0.000 0.000 0.000 1.000)
(-0.128 0.291 -0.948 -1.395 0.020 -0.955 -0.295 0.174 -0.992 -0.057 0.117 0.056 0.000 0.000 0.000 1.000)
(-0.230 0.248 -0.941 -1.384 0.016 -0.966 -0.258 0.170 -0.973 -0.075 0.218 0.251 0.000 0.000 0.000 1.000)
(-0.380 0.236 -0.894 -1.282 0.009 -0.966 -0.259 0.168 -0.925 -0.107 0.365 0.515 0.000 0.000 0.000 1.000)
(-0.525 0.220 -0.822 -1.236 0.010 -0.964 -0.265 0.169 -0.851 -0.147 0.504 0.652 0.000 0.000 0.000 1.000)
(-0.599 0.206 -0.774 -1.151 0.014 -0.964 -0.267 0.169 -0.801 -0.171 0.574 0.760 0.000 0.000 0.000 1.000)
(-0.685 0.183 -0.705 -1.059 0.016 -0.964 -0.265 0.169 -0.729 -0.192 0.658 0.869 0.000 0.000 0.000 1.000)
(-0.668 0.213 -0.713 -0.978 0.012 -0.955 -0.296 0.171 -0.744 -0.206 0.635 0.804 0.000 0.000 0.000 1.000)
(-0.752 0.187 -0.633 -0.894 0.015 -0.954 -0.299 0.171 -0.660 -0.234 0.714 0.900 0.000 0.000 0.000 1.000)
(-0.814 0.164 -0.557 -0.824 0.015 -0.953 -0.303 0.171 -0.580 -0.255 0.774 0.961 0.000 0.000 0.000 1.000)
(-0.864 0.123 -0.489 -0.680 0.015 -0.963 -0.270 0.169 -0.504 -0.241 0.830 1.035 0.000 0.000 0.000 1.000)
(-0.899 0.111 -0.423 -0.560 0.009 -0.962 -0.271 0.168 -0.437 -0.248 0.864 1.087 0.000 0.000 0.000 1.000)
(-0.952 0.082 -0.296 -0.422 0.010 -0.955 -0.296 0.169 -0.307 -0.285 0.908 1.128 0.000 0.000 0.000 1.000)
(-0.982 0.044 -0.182 -0.266 0.011 -0.956 -0.292 0.169 -0.187 -0.289 0.939 1.192 0.000 0.000 0.000 1.000)
(-0.997 0.017 -0.081 -0.152 0.007 -0.957 -0.291 0.169 -0.082 -0.290 0.953 1.209 0.000 0.000 0.000 1.000)
(-1.000 -0.007 0.005 -0.031 0.005 -0.956 -0.292 0.169 0.007 -0.292 0.956 1.201 0.000 0.000 0.000 1.000)
(-0.989 -0.046 0.138 0.157 0.004 -0.957 -0.291 0.169 0.145 -0.287 0.947 1.221 0.000 0.000 0.000 1.000)
(-0.995 -0.026 0.091 0.159 -0.001 -0.959 -0.283 0.233 0.095 -0.281 0.955 1.215 0.000 0.000 0.000 1.000)
(-0.990 -0.030 0.141 0.175 -0.001 -0.977 -0.213 0.349 0.144 -0.210 0.967 1.214 0.000 0.000 0.000 1.000)
(-0.972 -0.050 0.229 0.330 0.000 -0.977 -0.213 0.350 0.234 -0.207 0.950 1.210 0.000 0.000 0.000 1.000)
(-0.903 -0.099 0.417 0.510 0.007 -0.976 -0.217 0.352 0.429 -0.193 0.882 1.128 0.000 0.000 0.000 1.000)
(-0.837 -0.126 0.533 0.681 0.008 -0.976 -0.218 0.352 0.548 -0.178 0.818 1.029 0.000 0.000 0.000 1.000)
(-0.780 -0.144 0.608 0.828 0.007 -0.975 -0.221 0.351 0.625 -0.168 0.762 0.913 0.000 0.000 0.000 1.000)
(-0.683 -0.166 0.711 0.977 0.003 -0.974 -0.224 0.352 0.730 -0.151 0.666 0.823 0.000 0.000 0.000 1.000)
(-0.587 -0.176 0.791 1.052 -0.009 -0.975 -0.224 0.351 0.810 -0.139 0.570 0.705 0.000 0.000 0.000 1.000)
(-0.585 -0.178 0.792 1.054 -0.009 -0.974 -0.226 0.266 0.811 -0.139 0.568 0.704 0.000 0.000 0.000 1.000)
(-0.467 -0.201 0.861 1.178 -0.006 -0.973 -0.230 0.267 0.884 -0.112 0.453 0.543 0.000 0.000 0.000 1.000)
(-0.467 -0.221 0.856 1.179 -0.004 -0.968 -0.252 0.341 0.885 -0.121 0.451 0.544 0.000 0.000 0.000 1.000)
(-0.431 -0.226 0.873 1.269 -0.005 -0.967 -0.253 0.340 0.902 -0.113 0.416 0.529 0.000 0.000 0.000 1.000)
(-0.272 -0.236 0.933 1.307 0.005 -0.970 -0.244 0.341 0.962 -0.062 0.265 0.386 0.000 0.000 0.000 1.000)
(-0.159 -0.225 0.961 1.365 0.003 -0.974 -0.227 0.340 0.987 -0.033 0.156 0.172 0.000 0.000 0.000 1.000)
(-0.153 -0.228 0.962 1.367 0.000 -0.973 -0.230 0.260 0.988 -0.035 0.149 0.173 0.000 0.000 0.000 1.000)
(0.005 -0.241 0.970 1.402 -0.003 -0.970 -0.241 0.260 1.000 -0.002 -0.006 -0.056 0.000 0.000 0.000 1.000)
(-0.018 -0.232 0.972 1.395 -0.006 -0.973 -0.233 0.369 1.000 -0.010 0.016 -0.057 0.000 0.000 0.000 1.000)
(0.077 -0.230 0.970 1.423 -0.007 -0.973 -0.230 0.370 0.997 0.010 -0.076 -0.201 0.000 0.000 0.000 1.000)
(0.203 -0.222 0.954 1.444 -0.002 -0.974 -0.226 0.370 0.979 0.044 -0.198 -0.375 0.000 0.000 0.000 1.000)
(0.207 -0.230 0.951 1.448 -0.001 -0.972 -0.235 0.274 0.978 0.047 -0.202 -0.377 0.000 0.000 0.000 1.000)
(0.364 -0.219 0.905 1.425 0.000 -0.972 -0.235 0.274 0.931 0.086 -0.354 -0.594 0.000 0.000 0.000 1.000)
(0.375 -0.219 0.901 1.427 -0.000 -0.972 -0.235 0.380 0.927 0.088 -0.364 -0.593 0.000 0.000 0.000 1.000)
(0.465 -0.208 0.860 1.336 0.005 -0.971 -0.237 0.381 0.885 0.114 -0.451 -0.764 0.000 0.000 0.000 1.000)
(0.595 -0.183 0.782 1.175 0.014 -0.971 -0.237 0.381 0.803 0.152 -0.576 -0.913 0.000 0.000 0.000 1.000)
(0.723 -0.152 0.674 1.041 0.014 -0.972 -0.235 0.381 0.691 0.179 -0.701 -1.070 0.000 0.000 0.000 1.000)
(0.716 -0.155 0.680 1.041 0.013 -0.972 -0.235 0.256 0.698 0.177 -0.694 -1.069 0.000 0.000 0.000 1.000)
(0.849 -0.116 0.516 0.773 0.009 -0.973 -0.232 0.254 0.528 0.202 -0.825 -1.280 0.000 0.000 0.000 1.000)
(0.854 -0.113 0.508 0.774 0.008 -0.973 -0.231 0.421 0.520 0.201 -0.830 -1.279 0.000 0.000 0.000 1.000)
(0.933 -0.064 0.354 0.537 0.019 -0.974 -0.224 0.421 0.360 0.216 -0.908 -1.444 0.000 0.000 0.000 1.000)
(0.989 -0.011 0.145 0.253 0.021 -0.975 -0.220 0.421 0.144 0.220 -0.965 -1.639 0.000 0.000 0.000 1.000)
(0.996 -0.000 0.091 0.198 0.021 -0.974 -0.227 0.419 0.089 0.228 -0.970 -1.442 0.000 0.000 0.000 1.000)
(0.997 0.037 -0.067 -0.034 0.021 -0.975 -0.223 0.418 -0.074 0.221 -0.972 -1.487 0.000 0.000 0.000 1.000)
(0.974 0.071 -0.217 -0.245 0.021 -0.974 -0.224 0.417 -0.227 0.214 -0.950 -1.489 0.000 0.000 0.000 1.000)
(0.955 0.085 -0.284 -0.427 0.021 -0.975 -0.223 0.417 -0.296 0.207 -0.932 -1.471 0.000 0.000 0.000 1.000)
(0.894 0.097 -0.438 -0.692 0.015 -0.982 -0.186 0.412 -0.448 0.160 -0.880 -1.401 0.000 0.000 0.000 1.000)
(0.776 0.131 -0.617 -0.931 0.014 -0.982 -0.190 0.411 -0.630 0.138 -0.764 -1.267 0.000 0.000 0.000 1.000)
(0.777 0.132 -0.616 -0.931 0.014 -0.981 -0.192 0.278 -0.630 0.141 -0.764 -1.268 0.000 0.000 0.000 1.000)
(0.700 0.140 -0.700 -1.063 0.010 -0.982 -0.186 0.277 -0.714 0.124 -0.689 -1.141 0.000 0.000 0.000 1.000)
(0.694 0.116 -0.710 -1.062 0.011 -0.989 -0.150 0.406 -0.720 0.096 -0.688 -1.141 0.000 0.000 0.000 1.000)
(0.622 0.118 -0.774 -1.173 0.006 -0.989 -0.146 0.406 -0.783 0.086 -0.616 -0.996 0.000 0.000 0.000 1.000)
(0.513 0.131 -0.849 -1.234 0.002 -0.988 -0.151 0.407 -0.859 0.076 -0.507 -0.804 0.000 0.000 0.000 1.000)
(0.497 0.185 -0.848 -1.238 0.005 -0.978 -0.210 0.283 -0.868 0.100 -0.487 -0.806 0.000 0.000 0.000 1.000)
(0.404 0.187 -0.895 -1.273 -0.002 -0.979 -0.205 0.284 -0.915 0.085 -0.395 -0.657 0.000 0.000 0.000 1.000)
(0.416 0.145 -0.898 -1.268 -0.004 -0.987 -0.161 0.421 -0.909 0.071 -0.410 -0.658 0.000 0.000 0.000 1.000)
(0.286 0.154 -0.946 -1.353 0.001 -0.987 -0.160 0.423 -0.958 0.045 -0.283 -0.504 0.000 0.000 0.000 1.000)
(0.148 0.159 -0.976 -1.408 0.009 -0.987 -0.159 0.427 -0.989 0.015 -0.147 -0.310 0.000 0.000 0.000 1.000)
(-0.020 0.149 -0.989 -1.411 0.017 -0.989 -0.149 0.426 -1.000 -0.020 0.018 -0.058 0.000 0.000 0.000 1.000)
(-0.075 0.193 -0.978 -1.334 0.020 -0.981 -0.195 0.429 -0.997 -0.034 0.070 -0.044 0.000 0.000 0.000 1.000)
(-0.207 0.173 -0.963 -1.336 0.025 -0.983 -0.181 0.429 -0.978 -0.062 0.199 0.195 0.000 0.000 0.000 1.000)
(-0.191 0.207 -0.959 -1.338 0.025 -0.976 -0.216 0.311 -0.981 -0.065 0.182 0.196 0.000 0.000 0.000 1.000)
(-0.376 0.181 -0.909 -1.293 0.022 -0.979 -0.204 0.308 -0.926 -0.097 0.364 0.417 0.000 0.000 0.000 1.000)
(-0.385 0.219 -0.896 -1.297 0.022 -0.969 -0.247 0.209 -0.922 -0.114 0.369 0.417 0.000 0.000 0.000 1.000)
(-0.545 0.199 -0.814 -1.207 0.019 -0.968 -0.250 0.211 -0.838 -0.152 0.524 0.645 0.000 0.000 0.000 1.000)
(-0.544 0.153 -0.825 -1.209 0.023 -0.980 -0.196 0.315 -0.839 -0.126 0.530 0.642 0.000 0.000 0.000 1.000)
(-0.545 0.087 -0.834 -1.205 0.022 -0.993 -0.118 0.432 -0.838 -0.083 0.539 0.641 0.000 0.000 0.000 1.000)
(-0.641 0.083 -0.763 -1.109 0.017 -0.992 -0.123 0.432 -0.767 -0.092 0.635 0.816 0.000 0.000 0.000 1.000)
(-0.789 0.059 -0.612 -0.923 0.023 -0.992 -0.125 0.433 -0.615 -0.113 0.781 1.002 0.000 0.000 0.000 1.000)
(-0.894 0.036 -0.447 -0.683 0.022 -0.992 -0.125 0.431 -0.448 -0.121 0.886 1.144 0.000 0.000 0.000 1.000)
(-0.876 0.066 -0.477 -0.680 0.024 -0.983 -0.180 0.327 -0.481 -0.170 0.860 1.144 0.000 0.000 0.000 1.000)
(-0.929 0.050 -0.366 -0.533 0.018 -0.984 -0.178 0.325 -0.369 -0.172 0.913 1.199 0.000 0.000 0.000 1.000)
(-0.938 0.059 -0.341 -0.535 0.019 -0.975 -0.222 0.255 -0.346 -0.215 0.913 1.202 0.000 0.000 0.000 1.000)
(-0.927 0.031 -0.373 -0.524 0.021 -0.991 -0.136 0.440 -0.374 -0.134 0.918 1.193 0.000 0.000 0.000 1.000)
(-0.964 0.017 -0.265 -0.407 0.019 -0.991 -0.134 0.440 -0.265 -0.134 0.955 1.196 0.000 0.000 0.000 1.000)
(-0.984 0.006 -0.179 -0.293 0.023 -0.987 -0.160 0.443 -0.178 -0.161 0.971 1.205 0.000 0.000 0.000 1.000)
(-0.998 -0.012 -0.065 -0.122 0.022 -0.988 -0.153 0.442 -0.062 -0.154 0.986 1.232 0.000 0.000 0.000 1.000)
(-0.999 -0.010 -0.049 -0.125 0.020 -0.978 -0.210 0.331 -0.045 -0.211 0.977 1.237 0.000 0.000 0.000 1.000)
(-0.999 -0.026 0.048 0.066 0.015 -0.977 -0.213 0.332 0.053 -0.212 0.976 1.227 0.000 0.000 0.000 1.000)
(-0.903 0.014 -0.429 -0.709 0.010 -0.998 -0.054 0.511 -0.430 -0.053 0.901 1.314 0.000 0.000 0.000 1.000)
(-0.898 -0.011 -0.440 -0.706 0.014 -1.000 -0.004 0.628 -0.440 -0.010 0.898 1.311 0.000 0.000 0.000 1.000)
(-0.915 -0.038 -0.402 -0.709 0.015 -0.998 0.062 0.803 -0.403 0.051 0.914 1.305 0.000 0.000 0.000 1.000)
(-0.937 -0.040 -0.346 -0.595 0.018 -0.998 0.067 0.803 -0.348 0.057 0.936 1.316 0.000 0.000 0.000 1.000)
(-0.924 -0.024 -0.383 -0.592 0.018 -1.000 0.020 0.705 -0.383 0.011 0.924 1.316 0.000 0.000 0.000 1.000)
(-0.933 0.006 -0.360 -0.597 0.018 -0.998 -0.064 0.532 -0.359 -0.067 0.931 1.321 0.000 0.000 0.000 1.000)
(-0.955 0.005 -0.296 -0.411 0.017 -0.997 -0.070 0.530 -0.296 -0.072 0.953 1.379 0.000 0.000 0.000 1.000)
(-0.964 -0.031 -0.263 -0.412 0.019 -0.999 0.045 0.775 -0.264 0.039 0.964 1.375 0.000 0.000 0.000 1.000)
(-0.990 -0.026 -0.140 -0.201 0.020 -0.999 0.045 0.776 -0.141 0.042 0.989 1.426 0.000 0.000 0.000 1.000)
(-0.989 -0.009 -0.146 -0.203 0.020 -0.997 -0.071 0.571 -0.145 -0.073 0.987 1.429 0.000 0.000 0.000 1.000)
(-0.996 -0.019 0.083 0.085 0.016 -0.999 -0.045 0.570 0.084 -0.044 0.996 1.455 0.000 0.000 0.000 1.000)
(-0.997 -0.011 0.073 0.084 0.016 -0.997 0.069 0.810 0.072 0.070 0.995 1.452 0.000 0.000 0.000 1.000)
(-0.970 0.006 0.245 0.356 0.012 -0.997 0.070 0.811 0.245 0.071 0.967 1.412 0.000 0.000 0.000 1.000)
(-0.975 -0.010 0.221 0.358 0.012 -1.000 0.005 0.684 0.221 0.007 0.975 1.410 0.000 0.000 0.000 1.000)
(-0.973 -0.026 0.231 0.358 0.010 -0.997 -0.070 0.538 0.232 -0.066 0.970 1.414 0.000 0.000 0.000 1.000)
(-0.881 -0.048 0.472 0.718 0.013 -0.997 -0.076 0.540 0.474 -0.061 0.879 1.293 0.000 0.000 0.000 1.000)
(-0.891 -0.021 0.453 0.713 0.016 -1.000 -0.015 0.673 0.453 -0.006 0.891 1.285 0.000 0.000 0.000 1.000)
(-0.885 0.011 0.465 0.710 0.015 -0.999 0.051 0.815 0.465 0.052 0.884 1.286 0.000 0.000 0.000 1.000)
(-0.881 0.013 0.474 0.642 0.013 -0.999 0.051 0.816 0.474 0.052 0.879 1.144 0.000 0.000 0.000 1.000)
(-0.876 0.131 0.463 0.640 0.011 -0.957 0.290 0.745 0.481 0.260 0.837 1.143 0.000 0.000 0.000 1.000)
(-0.812 0.012 0.584 0.853 0.018 -0.999 0.047 0.836 0.584 0.048 0.811 1.101 0.000 0.000 0.000 1.000)
(-0.813 -0.012 0.582 0.853 0.018 -1.000 0.005 0.693 0.582 0.014 0.813 1.101 0.000 0.000 0.000 1.000)
(-0.807 -0.079 0.585 0.856 0.019 -0.994 -0.107 0.534 0.590 -0.075 0.804 1.106 0.000 0.000 0.000 1.000)
(-0.663 -0.096 0.743 1.061 0.020 -0.994 -0.110 0.535 0.749 -0.058 0.660 0.906 0.000 0.000 0.000 1.000)
(-0.667 0.015 0.744 1.060 0.022 -0.999 0.040 0.847 0.744 0.043 0.666 0.902 0.000 0.000 0.000 1.000)
(-0.490 0.040 0.871 1.321 0.007 -0.999 0.050 0.848 0.872 0.030 0.489 0.614 0.000 0.000 0.000 1.000)
(-0.476 -0.094 0.874 1.329 0.003 -0.994 -0.106 0.563 0.879 -0.048 0.474 0.617 0.000 0.000 0.000 1.000)
(-0.243 -0.106 0.964 1.474 0.006 -0.994 -0.108 0.562 0.970 -0.021 0.242 0.272 0.000 0.000 0.000 1.000)
(-0.257 -0.057 0.965 1.469 0.009 -0.998 -0.056 0.705 0.966 -0.006 0.257 0.272 0.000 0.000 0.000 1.000)
(-0.249 0.009 0.968 1.464 0.009 -1.000 0.012 0.821 0.968 0.011 0.249 0.273 0.000 0.000 0.000 1.000)
(0.008 0.014 1.000 1.531 0.015 -1.000 0.014 0.826 1.000 0.014 -0.008 -0.094 0.000 0.000 0.000 1.000)
(0.024 -0.073 0.997 1.536 0.017 -0.997 -0.073 0.749 1.000 0.019 -0.023 -0.093 0.000 0.000 0.000 1.000)
(0.017 0.242 0.970 1.527 0.016 -0.970 0.242 0.722 1.000 0.011 -0.020 -0.094 0.000 0.000 0.000 1.000)
(0.023 0.184 0.983 1.528 0.018 -0.983 0.183 0.630 1.000 0.013 -0.025 -0.093 0.000 0.000 0.000 1.000)
(0.029 -0.098 0.995 1.537 0.019 -0.995 -0.099 0.654 0.999 0.022 -0.027 -0.093 0.000 0.000 0.000 1.000)
(0.025 -0.151 0.988 1.540 0.018 -0.988 -0.152 0.541 1.000 0.021 -0.022 -0.094 0.000 0.000 0.000 1.000)
(0.192 -0.150 0.970 1.479 0.013 -0.988 -0.156 0.541 0.981 0.043 -0.187 -0.370 0.000 0.000 0.000 1.000)
(0.191 -0.093 0.977 1.473 0.015 -0.995 -0.098 0.679 0.981 0.034 -0.189 -0.367 0.000 0.000 0.000 1.000)
(0.184 0.197 0.963 1.463 0.015 -0.980 0.197 0.654 0.983 -0.022 -0.184 -0.366 0.000 0.000 0.000 1.000)
(0.185 0.292 0.938 1.461 0.013 -0.955 0.295 0.797 0.983 -0.042 -0.180 -0.365 0.000 0.000 0.000 1.000)
(0.191 -0.005 0.982 1.467 0.016 -1.000 -0.008 0.824 0.981 0.017 -0.191 -0.366 0.000 0.000 0.000 1.000)
(0.386 -0.005 0.922 1.392 0.018 -1.000 -0.014 0.824 0.922 0.022 -0.386 -0.664 0.000 0.000 0.000 1.000)
(0.386 -0.062 0.920 1.394 0.020 -0.997 -0.076 0.681 0.922 0.047 -0.384 -0.664 0.000 0.000 0.000 1.000)
(0.396 -0.146 0.907 1.398 0.019 -0.986 -0.167 0.546 0.918 0.083 -0.387 -0.665 0.000 0.000 0.000 1.000)
(0.572 -0.132 0.810 1.253 0.014 -0.985 -0.170 0.548 0.820 0.109 -0.562 -0.964 0.000 0.000 0.000 1.000)
(0.556 -0.070 0.828 1.247 0.017 -0.995 -0.095 0.648 0.831 0.067 -0.552 -0.962 0.000 0.000 0.000 1.000)
(0.551 0.167 0.818 1.238 0.015 -0.982 0.191 0.624 0.835 -0.093 -0.543 -0.957 0.000 0.000 0.000 1.000)
(0.607 0.237 0.759 1.245 0.018 -0.958 0.286 0.803 0.795 -0.160 -0.586 -0.959 0.000 0.000 0.000 1.000)
(0.612 -0.005 0.791 1.251 0.019 -1.000 -0.022 0.829 0.791 0.028 -0.611 -0.962 0.000 0.000 0.000 1.000)
(0.720 0.009 0.694 1.093 0.018 -1.000 -0.005 0.827 0.694 0.016 -0.720 -1.211 0.000 0.000 0.000 1.000)
(0.712 -0.039 0.701 1.093 0.018 -0.997 -0.075 0.685 0.702 0.066 -0.709 -1.214 0.000 0.000 0.000 1.000)
(0.708 0.165 0.687 1.087 0.016 -0.976 0.218 0.660 0.706 -0.143 -0.694 -1.208 0.000 0.000 0.000 1.000)
(0.727 -0.087 0.681 1.099 0.015 -0.990 -0.143 0.531 0.687 0.114 -0.718 -1.216 0.000 0.000 0.000 1.000)
(0.876 -0.056 0.479 0.794 0.013 -0.990 -0.141 0.533 0.482 0.130 -0.866 -1.475 0.000 0.000 0.000 1.000)
(0.875 -0.017 0.483 0.791 0.019 -0.997 -0.070 0.691 0.483 0.071 -0.873 -1.471 0.000 0.000 0.000 1.000)
(0.873 0.093 0.479 0.787 0.018 -0.987 0.159 0.672 0.488 -0.130 -0.863 -1.464 0.000 0.000 0.000 1.000)
(0.876 0.142 0.461 0.788 0.015 -0.963 0.268 0.804 0.482 -0.228 -0.846 -1.461 0.000 0.000 0.000 1.000)
(0.878 0.020 0.477 0.790 0.017 -1.000 0.012 0.827 0.478 -0.002 -0.879 -1.465 0.000 0.000 0.000 1.000)
(0.961 0.021 0.275 0.435 0.019 -1.000 0.011 0.825 0.276 -0.006 -0.961 -1.542 0.000 0.000 0.000 1.000)
(0.960 0.097 0.265 0.433 0.018 -0.958 0.285 0.801 0.281 -0.269 -0.921 -1.536 0.000 0.000 0.000 1.000)
(0.967 0.078 0.241 0.436 0.021 -0.973 0.230 0.681 0.252 -0.218 -0.943 -1.540 0.000 0.000 0.000 1.000)
(0.969 -0.002 0.247 0.438 0.022 -0.995 -0.096 0.708 0.246 0.099 -0.964 -1.549 0.000 0.000 0.000 1.000)
(0.970 -0.003 0.241 0.440 0.021 -0.995 -0.095 0.629 0.240 0.098 -0.966 -1.549 0.000 0.000 0.000 1.000)
(0.969 -0.019 0.248 0.440 0.020 -0.988 -0.154 0.542 0.248 0.154 -0.956 -1.552 0.000 0.000 0.000 1.000)
(0.999 0.029 -0.046 0.080 0.021 -0.987 -0.157 0.541 -0.050 0.156 -0.987 -1.548 0.000 0.000 0.000 1.000)
(0.999 0.027 -0.030 0.078 0.024 -0.994 -0.104 0.654 -0.033 0.103 -0.994 -1.542 0.000 0.000 0.000 1.000)
(0.998 0.027 -0.052 0.077 0.025 -0.999 -0.031 0.819 -0.052 0.030 -0.998 -1.538 0.000 0.000 0.000 1.000)
(0.999 0.007 -0.050 0.078 0.023 -0.945 0.327 0.787 -0.045 -0.328 -0.944 -1.530 0.000 0.000 0.000 1.000)
(0.952 0.031 -0.306 -0.370 0.024 -0.999 -0.026 0.816 -0.307 0.018 -0.952 -1.477 0.000 0.000 0.000 1.000)
(0.950 0.043 -0.309 -0.369 0.021 -0.997 -0.073 0.683 -0.311 0.063 -0.948 -1.481 0.000 0.000 0.000 1.000)
(0.951 0.066 -0.301 -0.370 0.020 -0.988 -0.153 0.537 -0.307 0.139 -0.941 -1.485 0.000 0.000 0.000 1.000)
(0.789 0.110 -0.604 -0.776 0.019 -0.988 -0.155 0.537 -0.614 0.111 -0.781 -1.283 0.000 0.000 0.000 1.000)
(0.815 0.057 -0.577 -0.774 0.021 -0.997 -0.068 0.704 -0.580 0.043 -0.814 -1.273 0.000 0.000 0.000 1.000)
(0.814 0.017 -0.580 -0.772 0.023 -1.000 0.003 0.812 -0.580 -0.015 -0.815 -1.265 0.000 0.000 0.000 1.000)
(0.592 0.007 -0.806 -1.043 0.019 -1.000 0.005 0.812 -0.806 -0.018 -0.592 -1.025 0.000 0.000 0.000 1.000)
(0.596 0.115 -0.795 -1.046 0.013 -0.991 -0.134 0.553 -0.803 0.070 -0.592 -1.029 0.000 0.000 0.000 1.000)
(0.332 0.124 -0.935 -1.190 -0.003 -0.991 -0.132 0.556 -0.943 0.046 -0.329 -0.630 0.000 0.000 0.000 1.000)
(0.401 0.031 -0.915 -1.176 0.002 -0.999 -0.033 0.810 -0.916 0.012 -0.401 -0.619 0.000 0.000 0.000 1.000)
(0.144 0.030 -0.989 -1.299 0.015 -0.999 -0.028 0.813 -0.990 -0.011 -0.144 -0.288 0.000 0.000 0.000 1.000)
(0.156 0.119 -0.980 -1.304 0.017 -0.993 -0.118 0.599 -0.988 0.002 -0.157 -0.287 0.000 0.000 0.000 1.000)
(-0.148 0.051 -0.988 -1.404 0.026 -0.998 -0.055 0.598 -0.989 -0.033 0.147 0.121 0.000 0.000 0.000 1.000)
(-0.159 -0.057 -0.986 -1.398 0.027 -0.998 0.054 0.827 -0.987 -0.018 0.160 0.119 0.000 0.000 0.000 1.000)
(-0.383 -0.076 -0.921 -1.412 0.022 -0.997 0.073 0.824 -0.924 0.008 0.384 0.510 0.000 0.000 0.000 1.000)
(-0.413 -0.020 -0.911 -1.418 0.020 -1.000 0.013 0.694 -0.911 -0.013 0.413 0.508 0.000 0.000 0.000 1.000)
(-0.425 0.031 -0.905 -1.421 0.020 -0.999 -0.044 0.563 -0.905 -0.037 0.424 0.508 0.000 0.000 0.000 1.000)
(-0.648 0.025 -0.761 -1.281 0.014 -0.999 -0.044 0.562 -0.762 -0.039 0.647 0.954 0.000 0.000 0.000 1.000)
(-0.662 0.047 -0.748 -1.113 0.019 -0.997 -0.079 0.564 -0.749 -0.066 0.659 0.821 0.000 0.000 0.000 1.000)
(-0.632 0.005 -0.775 -1.107 0.017 -1.000 -0.020 0.703 -0.775 -0.026 0.631 0.819 0.000 0.000 0.000 1.000)
(-0.655 -0.038 -0.755 -1.110 0.018 -0.999 0.035 0.810 -0.756 0.009 0.655 0.819 0.000 0.000 0.000 1.000)
(-0.809 -0.040 -0.586 -0.857 0.019 -0.999 0.042 0.811 -0.587 0.023 0.809 1.085 0.000 0.000 0.000 1.000)
(-0.822 -0.004 -0.570 -0.859 0.021 -1.000 -0.023 0.663 -0.570 -0.031 0.821 1.087 0.000 0.000 0.000 1.000)
(-0.835 0.029 -0.549 -0.863 0.022 -0.996 -0.086 0.540 -0.549 -0.084 0.831 1.089 0.000 0.000 0.000 1.000)
(-0.938 0.009 -0.348 -0.569 0.022 -0.996 -0.084 0.539 -0.347 -0.086 0.934 1.275 0.000 0.000 0.000 1.000)
(-0.925 -0.041 -0.377 -0.563 0.023 -0.998 0.053 0.801 -0.378 0.040 0.925 1.272 0.000 0.000 0.000 1.000)
(-0.987 -0.028 -0.159 -0.262 0.021 -0.999 0.049 0.801 -0.161 0.045 0.986 1.337 0.000 0.000 0.000 1.000)
(-0.894 -0.016 -0.448 -0.650 -0.038 -0.993 0.111 0.883 -0.446 0.116 0.887 1.298 0.000 0.000 0.000 1.000)
(-0.908 -0.046 -0.416 -0.666 -0.038 -0.981 0.192 1.033 -0.417 0.190 0.889 1.295 0.000 0.000 0.000 1.000)
(-0.902 -0.075 -0.426 -0.668 -0.036 -0.968 0.248 1.161 -0.431 0.239 0.870 1.291 0.000 0.000 0.000 1.000)
(-0.983 -0.008 -0.185 -0.288 -0.040 -0.968 0.249 1.164 -0.181 0.252 0.951 1.418 0.000 0.000 0.000 1.000)
(-0.983 0.013 -0.181 -0.272 -0.037 -0.991 0.129 0.931 -0.178 0.133 0.975 1.425 0.000 0.000 0.000 1.000)
(-0.998 0.049 0.042 0.112 -0.043 -0.991 0.130 0.933 0.048 0.128 0.991 1.483 0.000 0.000 0.000 1.000)
(-0.998 0.052 0.025 0.098 -0.044 -0.972 0.230 1.127 0.036 0.228 0.973 1.481 0.000 0.000 0.000 1.000)
(-0.973 0.099 0.210 0.384 -0.049 -0.971 0.232 1.128 0.227 0.216 0.950 1.430 0.000 0.000 0.000 1.000)
(-0.973 0.081 0.215 0.395 -0.042 -0.983 0.179 1.020 0.225 0.165 0.960 1.427 0.000 0.000 0.000 1.000)
(-0.974 0.069 0.217 0.402 -0.044 -0.992 0.119 0.910 0.224 0.107 0.969 1.425 0.000 0.000 0.000 1.000)
(-0.889 0.095 0.448 0.772 -0.040 -0.991 0.130 0.911 0.456 0.098 0.885 1.296 0.000 0.000 0.000 1.000)
(-0.888 0.119 0.444 0.766 -0.044 -0.983 0.176 1.016 0.458 0.136 0.879 1.300 0.000 0.000 0.000 1.000)
(-0.888 0.159 0.432 0.760 -0.043 -0.963 0.265 1.199 0.458 0.217 0.862 1.304 0.000 0.000 0.000 1.000)
(-0.713 0.162 0.682 1.094 0.011 -0.970 0.242 1.207 0.701 0.180 0.690 0.931 0.000 0.000 0.000 1.000)
(-0.710 0.112 0.695 1.099 0.010 -0.986 0.169 1.065 0.704 0.127 0.699 0.941 0.000 0.000 0.000 1.000)
(-0.732 0.055 0.680 1.106 0.015 -0.995 0.097 0.927 0.682 0.082 0.727 0.943 0.000 0.000 0.000 1.000)
(-0.701 0.176 0.691 1.097 0.010 -0.967 0.256 1.201 0.713 0.186 0.676 0.929 0.000 0.000 0.000 1.000)
(-0.567 0.192 0.801 1.251 -0.000 -0.972 0.233 1.204 0.824 0.132 0.551 0.626 0.000 0.000 0.000 1.000)
(-0.560 0.126 0.819 1.260 0.001 -0.988 0.152 1.058 0.828 0.086 0.554 0.630 0.000 0.000 0.000 1.000)
(-0.572 0.049 0.819 1.270 0.002 -0.998 0.061 0.908 0.821 0.036 0.570 0.633 0.000 0.000 0.000 1.000)
(-0.287 0.036 0.957 1.394 0.005 -0.999 0.039 0.905 0.958 0.016 0.286 0.269 0.000 0.000 0.000 1.000)
(-0.292 0.300 0.908 1.389 0.003 -0.949 0.315 0.881 0.956 0.094 0.276 0.267 0.000 0.000 0.000 1.000)
(-0.301 0.435 0.848 1.374 0.001 -0.890 0.457 1.169 0.954 0.139 0.267 0.260 0.000 0.000 0.000 1.000)
(-0.297 0.195 0.935 1.375 0.004 -0.979 0.206 1.192 0.955 0.064 0.290 0.261 0.000 0.000 0.000 1.000)
(-0.044 0.190 0.981 1.382 0.009 -0.982 0.191 1.201 0.999 0.017 0.042 -0.119 0.000 0.000 0.000 1.000)
(-0.050 0.490 0.870 1.381 0.005 -0.871 0.491 1.171 0.999 0.029 0.041 -0.117 0.000 0.000 0.000 1.000)
(-0.022 0.422 0.906 1.390 0.010 -0.906 0.422 1.037 1.000 0.019 0.016 -0.118 0.000 0.000 0.000 1.000)
(-0.062 0.385 0.921 1.395 -0.017 -0.923 0.385 0.865 0.998 0.008 0.064 -0.117 0.000 0.000 0.000 1.000)
(-0.052 0.007 0.999 1.402 -0.014 -1.000 0.007 0.898 0.999 -0.013 0.052 -0.114 0.000 0.000 0.000 1.000)
(0.223 0.003 0.975 1.383 -0.014 -1.000 0.006 0.897 0.975 -0.015 -0.223 -0.457 0.000 0.000 0.000 1.000)
(0.228 0.077 0.971 1.367 0.005 -0.997 0.078 1.061 0.974 -0.013 -0.228 -0.471 0.000 0.000 0.000 1.000)
(0.197 0.186 0.963 1.351 0.008 -0.982 0.188 1.211 0.980 -0.029 -0.195 -0.474 0.000 0.000 0.000 1.000)
(0.192 0.483 0.854 1.351 0.003 -0.871 0.492 1.181 0.981 -0.091 -0.168 -0.474 0.000 0.000 0.000 1.000)
(0.556 0.412 0.722 1.203 0.005 -0.870 0.492 1.183 0.831 -0.270 -0.486 -0.809 0.000 0.000 0.000 1.000)
(0.508 0.171 0.844 1.197 0.005 -0.981 0.196 1.208 0.862 -0.096 -0.498 -0.809 0.000 0.000 0.000 1.000)
(0.508 0.073 0.858 1.206 0.006 -0.997 0.082 1.058 0.862 -0.036 -0.506 -0.814 0.000 0.000 0.000 1.000)
(0.515 -0.014 0.857 1.216 0.007 -1.000 -0.021 0.908 0.857 0.017 -0.515 -0.821 0.000 0.000 0.000 1.000)
(0.746 -0.013 0.666 0.966 0.003 -1.000 -0.022 0.910 0.666 0.018 -0.746 -1.110 0.000 0.000 0.000 1.000)
(0.704 0.056 0.708 0.949 -0.006 -0.996 0.086 1.060 0.710 -0.065 -0.701 -1.099 0.000 0.000 0.000 1.000)
(0.691 0.128 0.711 0.940 -0.005 -0.983 0.181 1.193 0.722 -0.128 -0.679 -1.092 0.000 0.000 0.000 1.000)
(0.743 0.318 0.588 0.950 -0.004 -0.877 0.480 1.164 0.669 -0.359 -0.651 -1.091 0.000 0.000 0.000 1.000)
(0.910 0.213 0.357 0.633 0.024 -0.884 0.467 1.167 0.415 -0.417 -0.809 -1.400 0.000 0.000 0.000 1.000)
(0.912 0.107 0.397 0.634 0.027 -0.979 0.202 1.191 0.410 -0.174 -0.895 -1.401 0.000 0.000 0.000 1.000)
(0.908 0.060 0.414 0.641 0.029 -0.996 0.080 1.041 0.417 -0.060 -0.907 -1.411 0.000 0.000 0.000 1.000)
(0.909 0.033 0.416 0.646 0.029 -0.999 0.017 0.910 0.417 -0.004 -0.909 -1.419 0.000 0.000 0.000 1.000)
(0.987 0.039 0.155 0.273 0.035 -0.999 0.029 0.909 0.156 -0.023 -0.987 -1.510 0.000 0.000 0.000 1.000)
(0.983 0.052 0.176 0.264 0.033 -0.994 0.109 1.056 0.180 -0.101 -0.978 -1.497 0.000 0.000 0.000 1.000)
(0.981 0.070 0.179 0.257 0.032 -0.978 0.204 1.207 0.190 -0.195 -0.962 -1.486 0.000 0.000 0.000 1.000)
(0.980 0.120 0.156 0.259 0.028 -0.870 0.492 1.180 0.195 -0.478 -0.857 -1.485 0.000 0.000 0.000 1.000)
(0.996 0.001 -0.084 -0.053 0.036 -0.912 0.409 1.188 -0.076 -0.410 -0.909 -1.640 0.000 0.000 0.000 1.000)
(0.996 0.020 -0.086 -0.054 0.039 -0.975 0.219 1.205 -0.080 -0.221 -0.972 -1.641 0.000 0.000 0.000 1.000)
(0.998 0.029 -0.058 -0.052 0.037 -0.989 0.144 1.043 -0.053 -0.145 -0.988 -1.649 0.000 0.000 0.000 1.000)
(0.998 0.034 -0.058 -0.049 0.037 -0.998 0.057 0.909 -0.056 -0.059 -0.997 -1.658 0.000 0.000 0.000 1.000)
(0.929 0.015 -0.369 -0.513 0.037 -0.998 0.053 0.908 -0.368 -0.063 -0.928 -1.479 0.000 0.000 0.000 1.000)
(0.930 -0.008 -0.366 -0.514 0.037 -0.993 0.115 1.053 -0.365 -0.121 -0.923 -1.467 0.000 0.000 0.000 1.000)
(0.942 -0.044 -0.333 -0.521 0.035 -0.973 0.228 1.201 -0.334 -0.226 -0.915 -1.452 0.000 0.000 0.000 1.000)
(0.920 -0.130 -0.370 -0.515 0.036 -0.912 0.409 1.183 -0.391 -0.390 -0.834 -1.459 0.000 0.000 0.000 1.000)
(0.818 -0.202 -0.539 -0.866 0.040 -0.914 0.403 1.183 -0.574 -0.351 -0.740 -1.335 0.000 0.000 0.000 1.000)
(0.816 -0.104 -0.568 -0.867 0.043 -0.970 0.239 1.198 -0.576 -0.220 -0.787 -1.336 0.000 0.000 0.000 1.000)
(0.802 -0.061 -0.594 -0.867 0.044 -0.986 0.161 1.064 -0.595 -0.155 -0.788 -1.347 0.000 0.000 0.000 1.000)
(0.792 -0.005 -0.611 -0.866 0.024 -0.999 0.039 0.890 -0.610 -0.046 -0.791 -1.363 0.000 0.000 0.000 1.000)
(0.478 -0.051 -0.877 -1.250 0.032 -0.997 0.076 0.893 -0.878 -0.065 -0.475 -0.832 0.000 0.000 0.000 1.000)
(0.473 -0.104 -0.875 -1.254 0.049 -0.988 0.144 1.044 -0.880 -0.111 -0.462 -0.824 0.000 0.000 0.000 1.000)
(0.445 -0.213 -0.870 -1.260 0.051 -0.964 0.262 1.210 -0.894 -0.161 -0.418 -0.821 0.000 0.000 0.000 1.000)
(0.197 -0.252 -0.948 -1.399 0.026 -0.965 0.262 1.212 -0.980 -0.076 -0.183 -0.436 0.000 0.000 0.000 1.000)
(0.199 -0.370 -0.907 -1.396 0.025 -0.924 0.383 1.199 -0.980 -0.099 -0.174 -0.435 0.000 0.000 0.000 1.000)
(0.225 -0.157 -0.962 -1.386 0.030 -0.985 0.168 1.062 -0.974 -0.067 -0.217 -0.430 0.000 0.000 0.000 1.000)
(0.196 -0.073 -0.978 -1.383 0.032 -0.996 0.081 0.912 -0.980 -0.047 -0.193 -0.434 0.000 0.000 0.000 1.000)
(-0.027 -0.113 -0.993 -1.512 0.040 -0.993 0.112 0.914 -0.999 -0.036 0.031 -0.150 0.000 0.000 0.000 1.000)
(-0.062 -0.264 -0.962 -1.521 0.032 -0.964 0.263 1.185 -0.998 -0.015 0.068 -0.147 0.000 0.000 0.000 1.000)
(0.021 -0.222 -0.975 -1.263 0.026 -0.975 0.222 1.188 -0.999 -0.030 -0.014 -0.178 0.000 0.000 0.000 1.000)
(0.025 -0.432 -0.902 -1.262 0.024 -0.901 0.432 1.167 -0.999 -0.032 -0.012 -0.178 0.000 0.000 0.000 1.000)
(-0.239 -0.210 -0.948 -1.290 -0.032 -0.974 0.224 1.183 -0.970 0.084 0.226 0.162 0.000 0.000 0.000 1.000)
(-0.243 -0.125 -0.962 -1.288 -0.030 -0.990 0.137 1.033 -0.970 0.062 0.237 0.172 0.000 0.000 0.000 1.000)
(-0.260 -0.060 -0.964 -1.288 -0.032 -0.997 0.070 0.906 -0.965 0.049 0.258 0.176 0.000 0.000 0.000 1.000)
(-0.538 -0.056 -0.841 -1.218 -0.040 -0.995 0.092 0.904 -0.842 0.083 0.533 0.656 0.000 0.000 0.000 1.000)
(-0.531 -0.187 -0.826 -1.221 -0.043 -0.968 0.246 1.201 -0.846 0.166 0.506 0.644 0.000 0.000 0.000 1.000)
(-0.700 -0.152 -0.698 -0.991 -0.043 -0.966 0.253 1.200 -0.713 0.207 0.670 0.880 0.000 0.000 0.000 1.000)
(-0.705 -0.045 -0.708 -0.976 -0.037 -0.994 0.100 0.902 -0.708 0.096 0.699 0.896 0.000 0.000 0.000 1.000)
(-0.872 -0.017 -0.489 -0.675 -0.036 -0.994 0.100 0.905 -0.488 0.105 0.867 1.166 0.000 0.000 0.000 1.000)
(-0.880 -0.053 -0.472 -0.674 -0.038 -0.983 0.181 1.057 -0.473 0.177 0.863 1.151 0.000 0.000 0.000 1.000)
(-0.877 -0.091 -0.471 -0.674 -0.038 -0.966 0.257 1.199 -0.478 0.244 0.844 1.142 0.000 0.000 0.000 1.000)
(-0.973 -0.021 -0.230 -0.313 -0.042 -0.964 0.262 1.200 -0.228 0.265 0.937 1.265 0.000 0.000 0.000 1.000)
(-0.964 0.023 -0.266 -0.293 -0.040 -0.998 0.058 0.897 -0.264 0.066 0.962 1.276 0.000 0.000 0.000 1.000)
(-0.914 0.131 0.384 0.575 -0.045 -0.973 0.227 1.188 0.403 0.190 0.895 1.083 0.000 0.000 0.000 1.000)
(-0.735 0.399 0.548 0.922 -0.045 -0.836 0.548 1.157 0.677 0.378 0.632 0.857 0.000 0.000 0.000 1.000)
(-0.601 0.573 0.557 0.996 -0.049 -0.722 0.690 1.141 0.797 0.388 0.463 0.671 0.000 0.000 0.000 1.000)
(-0.591 0.578 0.562 0.824 -0.046 -0.720 0.692 1.141 0.805 0.383 0.452 0.536 0.000 0.000 0.000 1.000)
(-0.562 0.700 0.441 0.878 -0.051 -0.562 0.826 1.125 0.826 0.442 0.351 0.484 0.000 0.000 0.000 1.000)
(-0.392 0.776 0.494 0.940 -0.053 -0.555 0.830 1.128 0.919 0.299 0.259 0.272 0.000 0.000 0.000 1.000)
(-0.104 0.827 0.553 0.995 -0.055 -0.560 0.827 1.127 0.993 0.056 0.104 -0.008 0.000 0.000 0.000 1.000)
(0.141 0.818 0.558 1.084 -0.058 -0.556 0.829 1.126 0.988 -0.149 -0.031 -0.277 0.000 0.000 0.000 1.000)
(0.544 0.681 0.490 0.949 -0.051 -0.556 0.830 1.126 0.837 -0.477 -0.268 -0.661 0.000 0.000 0.000 1.000)
(0.810 0.464 0.359 0.697 -0.050 -0.555 0.830 1.126 0.584 -0.691 -0.426 -0.972 0.000 0.000 0.000 1.000)
(0.974 0.159 0.164 0.443 -0.049 -0.556 0.830 1.126 0.223 -0.816 -0.534 -1.165 0.000 0.000 0.000 1.000)
(0.994 -0.107 -0.010 0.176 -0.052 -0.559 0.827 1.126 -0.094 -0.822 -0.562 -1.258 0.000 0.000 0.000 1.000)
(0.929 -0.331 -0.166 -0.172 -0.053 -0.561 0.826 1.123 -0.367 -0.759 -0.538 -1.210 0.000 0.000 0.000 1.000)
(0.745 -0.573 -0.341 -0.521 -0.057 -0.564 0.824 1.122 -0.665 -0.594 -0.453 -1.090 0.000 0.000 0.000 1.000)
(0.811 -0.375 -0.449 -0.645 -0.048 -0.807 0.589 1.075 -0.584 -0.456 -0.672 -1.194 0.000 0.000 0.000 1.000)
(0.804 -0.259 -0.535 -0.647 -0.043 -0.923 0.382 1.019 -0.593 -0.284 -0.754 -1.192 0.000 0.000 0.000 1.000)
(0.802 -0.171 -0.573 -0.651 -0.041 -0.972 0.233 0.979 -0.596 -0.163 -0.786 -1.193 0.000 0.000 0.000 1.000)
(0.801 -0.076 -0.594 -0.656 -0.039 -0.996 0.075 0.942 -0.598 -0.036 -0.801 -1.194 0.000 0.000 0.000 1.000)
(0.686 -0.085 -0.722 -0.815 -0.043 -0.996 0.076 0.946 -0.726 -0.021 -0.687 -0.989 0.000 0.000 0.000 1.000)
(0.559 -0.095 -0.824 -1.003 -0.046 -0.995 0.083 0.946 -0.828 -0.009 -0.561 -0.865 0.000 0.000 0.000 1.000)
(0.989 -0.056 -0.140 -0.115 -0.044 -0.996 0.083 1.099 -0.144 -0.076 -0.987 -1.343 0.000 0.000 0.000 1.000)
(0.986 -0.071 -0.148 -0.113 -0.043 -0.982 0.184 1.225 -0.158 -0.175 -0.972 -1.336 0.000 0.000 0.000 1.000)
(0.981 -0.079 -0.176 -0.163 -0.032 -0.966 0.256 1.297 -0.191 -0.245 -0.951 -1.433 0.000 0.000 0.000 1.000)
(0.960 -0.108 -0.260 -0.322 -0.047 -0.972 0.231 1.198 -0.277 -0.210 -0.938 -1.459 0.000 0.000 0.000 1.000)
(0.961 -0.130 -0.245 -0.292 -0.060 -0.959 0.275 1.323 -0.271 -0.250 -0.930 -1.406 0.000 0.000 0.000 1.000)
(0.958 -0.157 -0.241 -0.305 -0.070 -0.939 0.337 1.394 -0.279 -0.306 -0.910 -1.449 0.000 0.000 0.000 1.000)
(0.965 -0.161 -0.206 -0.303 -0.077 -0.928 0.366 1.442 -0.250 -0.337 -0.908 -1.515 0.000 0.000 0.000 1.000)
(0.877 -0.252 -0.409 -0.568 -0.097 -0.927 0.363 1.444 -0.471 -0.279 -0.837 -1.452 0.000 0.000 0.000 1.000)
(0.877 -0.251 -0.410 -0.570 -0.094 -0.926 0.365 1.440 -0.471 -0.282 -0.836 -1.447 0.000 0.000 0.000 1.000)
(0.771 -0.310 -0.557 -0.924 -0.116 -0.928 0.355 1.445 -0.627 -0.209 -0.751 -1.400 0.000 0.000 0.000 1.000)
(0.575 -0.422 -0.701 -1.124 -0.185 -0.902 0.391 1.443 -0.797 -0.095 -0.597 -1.205 0.000 0.000 0.000 1.000)
(0.424 -0.413 -0.806 -1.309 -0.114 -0.907 0.405 1.456 -0.898 -0.080 -0.432 -0.908 0.000 0.000 0.000 1.000)
(0.282 -0.402 -0.871 -1.500 -0.123 -0.916 0.382 1.459 -0.951 -0.000 -0.308 -0.694 0.000 0.000 0.000 1.000)
(0.040 -0.376 -0.926 -1.275 -0.087 -0.924 0.371 1.464 -0.995 0.066 -0.070 -0.328 0.000 0.000 0.000 1.000)
(-0.027 -0.375 -0.926 -1.433 -0.088 -0.922 0.376 1.466 -0.996 0.092 -0.008 -0.255 0.000 0.000 0.000 1.000)
(-0.251 -0.370 -0.894 -1.402 -0.020 -0.922 0.387 1.449 -0.968 0.115 0.224 0.165 0.000 0.000 0.000 1.000)
(-0.405 -0.340 -0.849 -1.336 -0.022 -0.924 0.381 1.450 -0.914 0.173 0.367 0.436 0.000 0.000 0.000 1.000)
(-0.648 -0.278 -0.709 -1.221 -0.021 -0.924 0.382 1.449 -0.761 0.262 0.593 0.805 0.000 0.000 0.000 1.000)
(-0.780 -0.235 -0.580 -0.985 -0.003 -0.925 0.379 1.444 -0.625 0.298 0.721 1.083 0.000 0.000 0.000 1.000)
(-0.886 -0.170 -0.431 -0.777 -0.006 -0.926 0.377 1.448 -0.463 0.337 0.820 1.242 0.000 0.000 0.000 1.000)
(-0.943 -0.120 -0.310 -0.510 -0.007 -0.926 0.378 1.449 -0.333 0.359 0.872 1.314 0.000 0.000 0.000 1.000)
(-0.992 -0.040 -0.121 -0.211 -0.009 -0.925 0.381 1.448 -0.127 0.379 0.917 1.425 0.000 0.000 0.000 1.000)
(-1.000 0.011 -0.008 -0.004 -0.013 -0.925 0.381 1.447 -0.003 0.381 0.925 1.446 0.000 0.000 0.000 1.000)
(-0.982 0.081 0.171 0.302 -0.010 -0.925 0.381 1.447 0.189 0.372 0.909 1.483 0.000 0.000 0.000 1.000)
(-0.939 0.143 0.314 0.499 -0.012 -0.923 0.385 1.448 0.345 0.358 0.868 1.439 0.000 0.000 0.000 1.000)
(-0.855 0.206 0.475 0.787 -0.011 -0.924 0.382 1.448 0.518 0.322 0.792 1.288 0.000 0.000 0.000 1.000)
(-0.815 0.231 0.531 0.965 -0.012 -0.924 0.383 1.446 0.579 0.306 0.756 1.170 0.000 0.000 0.000 1.000)
(-0.652 0.300 0.696 1.165 -0.017 -0.924 0.382 1.448 0.758 0.237 0.608 1.000 0.000 0.000 0.000 1.000)
(-0.529 0.333 0.780 1.431 -0.017 -0.924 0.383 1.447 0.848 0.189 0.495 0.868 0.000 0.000 0.000 1.000)
(-0.413 0.357 0.838 1.607 -0.013 -0.922 0.386 1.447 0.911 0.148 0.385 0.710 0.000 0.000 0.000 1.000)
(-0.325 0.369 0.871 1.702 -0.014 -0.923 0.385 1.447 0.946 0.113 0.305 0.546 0.000 0.000 0.000 1.000)
(-0.201 0.383 0.902 1.804 -0.010 -0.921 0.389 1.450 0.980 0.069 0.189 0.331 0.000 0.000 0.000 1.000)
(-0.052 0.387 0.921 1.887 -0.009 -0.922 0.387 1.452 0.999 0.012 0.052 0.055 0.000 0.000 0.000 1.000)
(0.075 0.383 0.921 1.888 -0.013 -0.923 0.385 1.448 0.997 -0.041 -0.064 -0.209 0.000 0.000 0.000 1.000)
(0.048 0.385 0.922 1.581 -0.013 -0.922 0.386 1.448 0.999 -0.030 -0.039 -0.186 0.000 0.000 0.000 1.000)
(0.031 0.393 0.919 1.429 -0.007 -0.919 0.394 1.449 0.999 -0.019 -0.026 -0.213 0.000 0.000 0.000 1.000)
(0.217 0.378 0.900 1.395 -0.007 -0.921 0.389 1.448 0.976 -0.091 -0.197 -0.427 0.000 0.000 0.000 1.000)
(0.349 0.363 0.864 1.300 -0.007 -0.921 0.390 1.449 0.937 -0.142 -0.319 -0.556 0.000 0.000 0.000 1.000)
(0.482 0.340 0.808 1.210 -0.007 -0.920 0.391 1.451 0.876 -0.194 -0.441 -0.717 0.000 0.000 0.000 1.000)
(0.607 0.307 0.733 1.090 -0.005 -0.921 0.390 1.450 0.795 -0.241 -0.557 -0.886 0.000 0.000 0.000 1.000)
(0.718 0.266 0.643 0.962 -0.009 -0.920 0.391 1.450 0.696 -0.287 -0.658 -1.040 0.000 0.000 0.000 1.000)
(0.782 0.237 0.577 0.839 -0.009 -0.921 0.390 1.451 0.624 -0.310 -0.717 -1.181 0.000 0.000 0.000 1.000)
(0.782 0.237 0.577 0.838 -0.010 -0.921 0.390 1.450 0.624 -0.311 -0.717 -1.180 0.000 0.000 0.000 1.000)
(0.879 0.180 0.442 0.733 -0.008 -0.921 0.390 1.451 0.477 -0.346 -0.808 -1.331 0.000 0.000 0.000 1.000)
(0.936 0.137 0.324 0.526 -0.002 -0.918 0.395 1.447 0.352 -0.371 -0.859 -1.452 0.000 0.000 0.000 1.000)
(0.979 0.078 0.186 0.363 -0.002 -0.918 0.397 1.447 0.202 -0.389 -0.899 -1.610 0.000 0.000 0.000 1.000)
(1.000 0.008 0.012 0.138 0.003 -0.918 0.396 1.447 0.014 -0.396 -0.918 -1.532 0.000 0.000 0.000 1.000)
(0.991 -0.051 -0.122 -0.103 0.001 -0.919 0.394 1.445 -0.132 -0.391 -0.911 -1.530 0.000 0.000 0.000 1.000)
(0.999 -0.047 -0.025 0.004 -0.036 -0.946 0.322 1.365 -0.039 -0.321 -0.946 -1.446 0.000 0.000 0.000 1.000)
(0.329 0.291 0.898 1.281 -0.038 -0.946 0.321 1.370 0.944 -0.140 -0.300 -0.537 0.000 0.000 0.000 1.000)
(0.294 0.194 0.936 1.229 0.009 -0.980 0.201 1.216 0.956 -0.050 -0.290 -0.569 0.000 0.000 0.000 1.000)
(0.351 0.511 0.785 1.256 -0.027 -0.832 0.554 1.666 0.936 -0.215 -0.278 -0.578 0.000 0.000 0.000 1.000)
(0.353 0.458 0.816 1.255 -0.022 -0.868 0.497 1.671 0.935 -0.194 -0.297 -0.578 0.000 0.000 0.000 1.000)
(0.483 0.425 0.766 1.169 -0.022 -0.868 0.496 1.674 0.875 -0.256 -0.410 -0.758 0.000 0.000 0.000 1.000)
(0.621 0.375 0.688 1.033 -0.027 -0.867 0.497 1.674 0.784 -0.328 -0.528 -0.951 0.000 0.000 0.000 1.000)
(0.724 0.326 0.608 0.932 -0.023 -0.869 0.494 1.675 0.689 -0.371 -0.622 -1.142 0.000 0.000 0.000 1.000)
(0.834 0.255 0.489 0.826 -0.026 -0.867 0.497 1.673 0.551 -0.427 -0.717 -1.320 0.000 0.000 0.000 1.000)
(0.913 0.185 0.363 0.687 -0.025 -0.864 0.503 1.670 0.407 -0.468 -0.784 -1.488 0.000 0.000 0.000 1.000)
(0.964 0.112 0.240 0.460 -0.026 -0.862 0.506 1.668 0.264 -0.494 -0.829 -1.563 0.000 0.000 0.000 1.000)
(0.992 0.050 0.119 0.229 -0.017 -0.863 0.506 1.668 0.128 -0.503 -0.854 -1.609 0.000 0.000 0.000 1.000)
(0.999 -0.028 -0.016 -0.042 -0.016 -0.862 0.507 1.666 -0.028 -0.506 -0.862 -1.551 0.000 0.000 0.000 1.000)
(0.980 -0.113 -0.162 -0.236 -0.016 -0.863 0.505 1.665 -0.197 -0.493 -0.848 -1.453 0.000 0.000 0.000 1.000)
