(0.876 -0.006 0.482 1.250 0.000 1.000 0.012 0.100 -0.482 -0.010 0.876 2.165 0.000 0.000 0.000 1.000)
(0.508 -0.021 0.861 2.165 0.000 1.000 0.025 0.100 -0.861 -0.012 0.508 1.250 0.000 0.000 0.000 1.000)
(0.020 0.014 1.000 2.500 -0.000 1.000 -0.014 0.100 -1.000 0.000 0.020 0.000 0.000 0.000 0.000 1.000)
(-0.519 -0.017 0.855 2.165 -0.000 1.000 0.020 0.100 -0.855 0.010 -0.519 -1.250 0.000 0.000 0.000 1.000)
(-0.860 -0.010 0.511 1.250 0.000 1.000 0.021 0.100 -0.511 0.018 -0.860 -2.165 0.000 0.000 0.000 1.000)
(-1.000 -0.000 0.026 0.000 0.000 1.000 0.013 0.100 -0.026 0.013 -1.000 -2.500 0.000 0.000 0.000 1.000)
(-0.866 -0.012 -0.501 -1.250 0.000 1.000 -0.023 0.100 0.501 -0.020 -0.865 -2.165 0.000 0.000 0.000 1.000)
(-0.479 -0.018 -0.878 -2.165 0.001 1.000 -0.021 0.100 0.878 -0.011 -0.478 -1.250 0.000 0.000 0.000 1.000)
(0.001 0.010 -1.000 -2.500 -0.000 1.000 0.010 0.100 1.000 0.000 0.001 -0.000 0.000 0.000 0.000 1.000)
(0.478 0.004 -0.878 -2.165 0.000 1.000 0.004 0.100 0.878 -0.002 0.478 1.250 0.000 0.000 0.000 1.000)
(0.858 -0.008 -0.514 -1.250 -0.000 1.000 -0.015 0.100 0.514 0.013 0.858 2.165 0.000 0.000 0.000 1.000)
(1.000 0.000 -0.001 0.000 -0.000 1.000 -0.003 0.100 0.001 0.003 1.000 2.500 0.000 0.000 0.000 1.000)
(0.867 0.001 0.498 1.250 -0.000 1.000 -0.003 0.433 -0.498 0.002 0.867 2.165 0.000 0.000 0.000 1.000)
(0.522 -0.001 0.853 2.165 0.000 1.000 0.002 0.433 -0.853 -0.001 0.522 1.250 0.000 0.000 0.000 1.000)
(-0.022 0.000 1.000 2.500 0.000 1.000 -0.000 0.433 -1.000 0.000 -0.022 0.000 0.000 0.000 0.000 1.000)
(-0.516 0.003 0.857 2.165 0.000 1.000 -0.004 0.433 -0.857 -0.002 -0.516 -1.250 0.000 0.000 0.000 1.000)
(-0.865 -0.002 0.501 1.250 0.000 1.000 0.003 0.433 -0.501 0.003 -0.865 -2.165 0.000 0.000 0.000 1.000)
(-1.000 -0.000 -0.009 0.000 -0.000 1.000 0.015 0.433 0.009 0.015 -1.000 -2.500 0.000 0.000 0.000 1.000)
(-0.854 -0.003 -0.521 -1.250 0.000 1.000 -0.006 0.433 0.521 -0.006 -0.854 -2.165 0.000 0.000 0.000 1.000)
(-0.484 0.007 -0.875 -2.165 -0.000 1.000 0.008 0.433 0.875 0.004 -0.484 -1.250 0.000 0.000 0.000 1.000)
(-0.016 -0.014 -1.000 -2.500 -0.000 1.000 -0.014 0.433 1.000 -0.000 -0.016 -0.000 0.000 0.000 0.000 1.000)
(0.505 0.012 -0.863 -2.165 -0.000 1.000 0.014 0.433 0.863 -0.007 0.505 1.250 0.000 0.000 0.000 1.000)
(0.877 -0.006 -0.481 -1.250 0.000 1.000 -0.011 0.433 0.481 0.010 0.877 2.165 0.000 0.000 0.000 1.000)
(1.000 0.000 -0.002 0.000 0.000 1.000 0.017 0.433 0.002 -0.017 1.000 2.500 0.000 0.000 0.000 1.000)
(0.858 0.006 0.513 1.250 0.000 1.000 -0.012 0.767 -0.513 0.011 0.858 2.165 0.000 0.000 0.000 1.000)
(0.500 -0.004 0.866 2.165 -0.000 1.000 0.005 0.767 -0.866 -0.002 0.500 1.250 0.000 0.000 0.000 1.000)
(-0.010 0.017 1.000 2.500 0.000 1.000 -0.017 0.767 -1.000 0.000 -0.010 0.000 0.000 0.000 0.000 1.000)
(-0.503 -0.001 0.864 2.165 -0.000 1.000 0.001 0.767 -0.864 0.000 -0.503 -1.250 0.000 0.000 0.000 1.000)
(-0.860 -0.006 0.510 1.250 0.000 1.000 0.013 0.767 -0.510 0.011 -0.860 -2.165 0.000 0.000 0.000 1.000)
(-1.000 -0.000 -0.023 0.000 -0.000 1.000 0.005 0.767 0.023 0.005 -1.000 -2.500 0.000 0.000 0.000 1.000)
(-0.861 0.010 -0.509 -1.250 -0.000 1.000 0.020 0.767 0.509 0.017 -0.861 -2.165 0.000 0.000 0.000 1.000)
(-0.507 -0.010 -0.862 -2.165 -0.000 1.000 -0.011 0.767 0.862 -0.006 -0.507 -1.250 0.000 0.000 0.000 1.000)
(0.003 0.000 -1.000 -2.500 -0.000 1.000 0.000 0.767 1.000 0.000 0.003 -0.000 0.000 0.000 0.000 1.000)
(0.522 -0.003 -0.853 -2.165 0.000 1.000 -0.003 0.767 0.853 0.002 0.522 1.250 0.000 0.000 0.000 1.000)
(0.864 -0.012 -0.503 -1.250 -0.000 1.000 -0.024 0.767 0.503 0.021 0.864 2.165 0.000 0.000 0.000 1.000)
(1.000 0.000 0.013 0.000 0.000 1.000 -0.005 0.767 -0.013 0.005 1.000 2.500 0.000 0.000 0.000 1.000)
(-0.685 -0.137 0.716 4.528 -0.000 0.982 0.188 2.251 -0.729 0.128 -0.672 -4.337 0.000 0.000 0.000 1.000)
(-0.866 -0.109 0.488 1.538 0.000 0.976 0.218 1.447 -0.500 0.189 -0.845 -2.936 0.000 0.000 0.000 1.000)
(-0.966 -0.051 0.254 0.712 -0.000 0.981 0.195 1.416 -0.259 0.188 -0.947 -2.404 0.000 0.000 0.000 1.000)
(-0.999 0.009 -0.047 -0.008 -0.000 0.980 0.198 1.547 0.048 0.197 -0.979 -3.210 0.000 0.000 0.000 1.000)
(-0.969 0.048 -0.240 -0.859 0.000 0.980 0.198 1.547 0.245 0.192 -0.950 -3.108 0.000 0.000 0.000 1.000)
(-0.875 0.099 -0.474 -1.755 0.000 0.979 0.204 1.547 0.484 0.179 -0.856 -2.703 0.000 0.000 0.000 1.000)
(-0.475 0.180 -0.861 -2.905 -0.000 0.979 0.204 1.547 0.880 0.097 -0.465 -1.650 0.000 0.000 0.000 1.000)
(0.023 0.195 -0.980 -2.836 -0.000 0.981 0.195 1.453 1.000 -0.004 0.022 0.277 0.000 0.000 0.000 1.000)
(0.531 0.121 -0.838 -2.206 -0.000 0.990 0.143 1.452 0.847 -0.076 0.526 1.602 0.000 0.000 0.000 1.000)
(0.906 0.078 -0.416 -1.617 0.000 0.983 0.185 1.604 0.423 -0.168 0.890 3.240 0.000 0.000 0.000 1.000)
(1.000 -0.002 0.012 -0.058 -0.000 0.983 0.184 1.605 -0.012 -0.184 0.983 3.435 0.000 0.000 0.000 1.000)
(0.899 -0.080 0.429 1.685 0.000 0.983 0.184 1.605 -0.437 -0.165 0.884 3.099 0.000 0.000 0.000 1.000)
(0.583 -0.149 0.799 2.765 0.000 0.983 0.184 1.605 -0.813 -0.107 0.573 1.895 0.000 0.000 0.000 1.000)
(0.157 -0.173 0.972 3.547 -0.000 0.984 0.176 1.605 -0.987 -0.028 0.155 0.307 0.000 0.000 0.000 1.000)
(0.957 -0.068 0.281 0.469 -0.000 0.972 0.236 1.378 -0.289 -0.225 0.930 1.416 0.000 0.000 0.000 1.000)
(0.919 0.085 -0.385 -0.801 0.000 0.976 0.217 1.378 0.395 -0.199 0.897 1.532 0.000 0.000 0.000 1.000)
(0.549 0.219 -0.807 -1.788 -0.000 0.965 0.262 1.458 0.836 -0.144 0.530 0.991 0.000 0.000 0.000 1.000)
(0.060 0.292 -0.955 -3.436 -0.000 0.956 0.292 1.840 0.998 -0.018 0.057 0.128 0.000 0.000 0.000 1.000)
(-0.023 0.312 -0.950 -5.755 -0.000 0.950 0.312 2.571 1.000 0.007 -0.022 -0.672 0.000 0.000 0.000 1.000)
(-0.352 0.292 -0.889 -4.584 -0.000 0.950 0.312 2.325 0.936 0.110 -0.334 -1.899 0.000 0.000 0.000 1.000)
(-0.572 0.237 -0.785 -3.305 0.000 0.957 0.289 2.085 0.820 0.165 -0.548 -2.773 0.000 0.000 0.000 1.000)
(-0.862 0.131 -0.489 -1.955 -0.000 0.966 0.259 2.029 0.506 0.224 -0.833 -3.693 0.000 0.000 0.000 1.000)
(-0.966 0.072 -0.249 -0.819 -0.000 0.960 0.279 2.029 0.260 0.269 -0.927 -4.169 0.000 0.000 0.000 1.000)
(-0.997 -0.020 0.068 0.360 0.000 0.960 0.279 2.029 -0.071 0.278 -0.957 -4.345 0.000 0.000 0.000 1.000)
(-0.904 -0.119 0.411 1.273 -0.000 0.960 0.279 2.029 -0.428 0.252 -0.868 -4.085 0.000 0.000 0.000 1.000)
(-0.841 -0.151 0.519 2.002 -0.000 0.960 0.279 2.029 -0.541 0.235 -0.808 -3.670 0.000 0.000 0.000 1.000)
(-0.703 -0.198 0.682 2.825 -0.000 0.960 0.279 2.029 -0.710 0.196 -0.676 -3.041 0.000 0.000 0.000 1.000)
(-0.555 -0.232 0.798 3.414 -0.000 0.960 0.279 2.029 -0.831 0.155 -0.533 -2.338 0.000 0.000 0.000 1.000)
(-0.364 -0.260 0.894 3.797 0.000 0.960 0.279 2.029 -0.931 0.102 -0.350 -1.594 0.000 0.000 0.000 1.000)
(-0.098 -0.290 0.952 4.051 -0.000 0.956 0.292 2.029 -0.995 0.028 -0.093 -0.552 0.000 0.000 0.000 1.000)
(0.092 -0.291 0.952 4.075 0.000 0.956 0.292 2.029 -0.995 -0.027 0.088 0.565 0.000 0.000 0.000 1.000)
(0.379 -0.271 0.885 3.851 0.000 0.956 0.292 2.029 -0.925 -0.111 0.362 1.451 0.000 0.000 0.000 1.000)
(0.509 -0.252 0.823 3.441 0.000 0.956 0.292 2.029 -0.861 -0.149 0.487 2.273 0.000 0.000 0.000 1.000)
(0.945 -0.053 0.321 1.319 0.000 0.987 0.164 1.384 -0.326 -0.155 0.933 4.130 0.000 0.000 0.000 1.000)
(0.864 -0.084 0.496 2.061 0.000 0.986 0.167 1.374 -0.503 -0.144 0.852 3.736 0.000 0.000 0.000 1.000)
(0.733 -0.113 0.670 2.700 0.000 0.986 0.167 1.373 -0.680 -0.122 0.723 3.260 0.000 0.000 0.000 1.000)
(0.550 -0.139 0.823 3.276 0.000 0.986 0.167 1.373 -0.835 -0.092 0.543 2.600 0.000 0.000 0.000 1.000)
(0.351 -0.086 0.932 3.799 -0.000 0.996 0.092 1.373 -0.936 -0.033 0.350 1.482 0.000 0.000 0.000 1.000)
(0.046 -0.227 0.972 4.101 0.001 0.974 0.228 1.373 -0.999 -0.009 0.045 0.249 0.000 0.000 0.000 1.000)
(-0.335 -0.268 0.903 3.961 -0.000 0.959 0.285 1.373 -0.942 0.095 -0.321 -0.890 0.000 0.000 0.000 1.000)
(-0.446 -0.059 0.893 3.497 -0.001 0.998 0.065 1.373 -0.895 0.028 -0.445 -1.995 0.000 0.000 0.000 1.000)
(-0.647 -0.184 0.740 2.898 0.002 0.970 0.242 1.373 -0.763 0.158 -0.627 -2.935 0.000 0.000 0.000 1.000)
(-0.926 -0.089 0.366 2.002 -0.001 0.972 0.235 1.373 -0.376 0.217 -0.900 -3.640 0.000 0.000 0.000 1.000)
(-0.946 0.093 -0.311 -1.045 -0.000 0.958 0.286 1.373 0.325 0.271 -0.906 -3.962 0.000 0.000 0.000 1.000)
(-0.747 0.134 -0.651 -4.078 -0.000 0.980 0.201 1.583 0.665 0.150 -0.732 -3.796 0.000 0.000 0.000 1.000)
(-0.859 0.080 -0.506 -2.318 -0.000 0.988 0.156 1.449 0.512 0.134 -0.848 -4.066 0.000 0.000 0.000 1.000)
(-0.934 -0.027 0.357 1.624 0.000 0.997 0.077 0.928 -0.358 0.072 -0.931 -3.120 0.000 0.000 0.000 1.000)
(-0.712 -0.187 0.676 2.827 -0.001 0.964 0.266 0.928 -0.702 0.189 -0.687 -2.290 0.000 0.000 0.000 1.000)
(-0.256 -0.164 0.953 4.287 -0.000 0.986 0.169 0.928 -0.967 0.043 -0.252 -0.058 0.000 0.000 0.000 1.000)
(0.234 -0.185 0.954 4.298 -0.000 0.982 0.191 0.928 -0.972 -0.045 0.230 1.195 0.000 0.000 0.000 1.000)
(0.481 -0.155 0.863 3.882 0.000 0.984 0.176 0.928 -0.876 -0.085 0.474 2.356 0.000 0.000 0.000 1.000)
(0.764 -0.094 0.638 2.463 -0.001 0.989 0.147 0.928 -0.645 -0.113 0.756 4.170 0.000 0.000 0.000 1.000)
(0.976 -0.037 0.216 1.214 0.000 0.986 0.167 0.928 -0.219 -0.163 0.962 4.754 0.000 0.000 0.000 1.000)
(0.971 0.017 -0.238 -1.368 -0.000 0.997 0.073 0.811 0.238 -0.071 0.969 2.909 0.000 0.000 0.000 1.000)
(0.998 0.004 -0.049 -0.423 -0.000 0.997 0.073 0.803 0.050 -0.073 0.995 2.979 0.000 0.000 0.000 1.000)
(0.950 -0.021 0.311 0.440 -0.000 0.998 0.067 0.803 -0.312 -0.063 0.947 2.857 0.000 0.000 0.000 1.000)
(0.889 -0.030 0.456 1.168 -0.000 0.998 0.066 0.803 -0.457 -0.059 0.887 2.533 0.000 0.000 0.000 1.000)
(0.772 -0.045 0.633 1.811 0.000 0.997 0.071 0.803 -0.635 -0.055 0.770 2.133 0.000 0.000 0.000 1.000)
(0.578 -0.074 0.812 2.187 0.000 0.996 0.090 0.803 -0.815 -0.052 0.576 1.724 0.000 0.000 0.000 1.000)
(0.482 -0.084 0.872 2.396 0.000 0.995 0.096 0.803 -0.876 -0.046 0.479 1.385 0.000 0.000 0.000 1.000)
(0.389 -0.090 0.916 2.571 0.000 0.995 0.097 0.803 -0.921 -0.038 0.388 1.026 0.000 0.000 0.000 1.000)
(0.264 -0.094 0.960 2.699 0.000 0.995 0.098 0.803 -0.964 -0.026 0.263 0.649 0.000 0.000 0.000 1.000)
(0.061 -0.097 0.993 2.824 0.000 0.995 0.098 0.803 -0.998 -0.006 0.061 -0.139 0.000 0.000 0.000 1.000)
(-0.970 -0.044 0.238 0.535 0.000 0.984 0.180 0.374 -0.242 0.175 -0.954 -2.053 0.000 0.000 0.000 1.000)
(-0.861 -0.068 0.505 1.320 -0.000 0.991 0.134 0.373 -0.509 0.115 -0.853 -1.659 0.000 0.000 0.000 1.000)
(-0.497 0.082 0.864 1.861 0.000 0.996 -0.094 -0.025 -0.868 -0.047 -0.495 -1.213 0.000 0.000 0.000 1.000)
(-0.403 0.086 0.911 2.014 -0.000 0.996 -0.094 -0.025 -0.915 -0.038 -0.401 -0.879 0.000 0.000 0.000 1.000)
(-0.296 0.090 0.951 2.197 -0.000 0.996 -0.094 -0.025 -0.955 -0.028 -0.295 -0.392 0.000 0.000 0.000 1.000)
(0.078 0.094 0.991 2.290 -0.000 0.996 -0.094 -0.025 -0.996 0.007 0.078 0.346 0.000 0.000 0.000 1.000)
(0.456 0.104 0.883 2.025 0.001 0.993 -0.118 -0.025 -0.889 0.055 0.452 1.258 0.000 0.000 0.000 1.000)
(0.709 0.098 0.697 1.646 0.000 0.990 -0.140 -0.025 -0.704 0.099 0.702 1.766 0.000 0.000 0.000 1.000)
(0.848 0.061 0.525 1.080 -0.000 0.993 -0.115 -0.025 -0.529 0.098 0.843 2.206 0.000 0.000 0.000 1.000)
(0.983 0.020 0.181 0.234 -0.000 0.994 -0.108 -0.025 -0.182 0.106 0.977 2.541 0.000 0.000 0.000 1.000)
(0.998 -0.006 -0.055 -0.321 -0.000 0.994 -0.108 -0.025 0.055 0.108 0.992 2.577 0.000 0.000 0.000 1.000)
(0.770 -0.070 -0.635 -2.192 0.000 0.994 -0.110 -0.115 0.639 0.085 0.765 2.700 0.000 0.000 0.000 1.000)
(0.582 -0.091 -0.808 -2.835 0.000 0.994 -0.111 -0.117 0.813 0.065 0.578 2.026 0.000 0.000 0.000 1.000)
(0.403 -0.035 -0.914 -3.655 -0.000 0.999 -0.038 -0.061 0.915 0.015 0.403 1.507 0.000 0.000 0.000 1.000)
(0.205 -0.053 -0.977 -3.841 0.000 0.999 -0.054 -0.061 0.979 0.011 0.205 0.809 0.000 0.000 0.000 1.000)
(0.076 -0.056 -0.996 -3.938 0.000 0.998 -0.056 -0.061 0.997 0.004 0.075 0.100 0.000 0.000 0.000 1.000)
(-0.329 -0.067 -0.942 -3.721 0.000 0.998 -0.071 -0.061 0.944 -0.023 -0.328 -1.346 0.000 0.000 0.000 1.000)
(-0.654 -0.133 -0.744 -2.869 -0.000 0.984 -0.176 -0.061 0.756 -0.115 -0.644 -3.095 0.000 0.000 0.000 1.000)
(-0.857 -0.081 -0.508 -2.100 -0.000 0.988 -0.157 -0.061 0.515 -0.135 -0.847 -3.721 0.000 0.000 0.000 1.000)
(-0.960 -0.041 -0.275 -1.193 -0.000 0.989 -0.146 -0.061 0.278 -0.140 -0.950 -4.128 0.000 0.000 0.000 1.000)
(-0.998 -0.007 -0.054 -0.172 -0.000 0.991 -0.132 -0.061 0.054 -0.132 -0.989 -4.306 0.000 0.000 0.000 1.000)
(-0.947 0.024 0.320 1.406 0.000 0.997 -0.074 0.567 -0.320 -0.070 -0.945 -4.064 0.000 0.000 0.000 1.000)
(-0.956 -0.002 0.293 1.418 0.000 1.000 0.007 0.815 -0.293 0.006 -0.956 -4.098 0.000 0.000 0.000 1.000)
(-0.921 -0.012 0.390 1.835 -0.000 1.000 0.030 0.818 -0.390 0.028 -0.920 -3.927 0.000 0.000 0.000 1.000)
(-0.810 -0.032 0.584 2.566 -0.000 0.999 0.054 0.818 -0.585 0.043 -0.809 -3.541 0.000 0.000 0.000 1.000)
(-0.684 -0.045 0.728 3.272 0.000 0.998 0.061 0.818 -0.729 0.042 -0.683 -2.896 0.000 0.000 0.000 1.000)
(-0.454 -0.067 0.888 3.899 0.000 0.997 0.075 0.818 -0.891 0.034 -0.453 -2.026 0.000 0.000 0.000 1.000)
(-0.278 -0.041 0.959 4.320 0.000 0.999 0.042 0.818 -0.960 0.012 -0.278 -1.034 0.000 0.000 0.000 1.000)
(0.278 -0.022 0.960 2.942 -0.000 1.000 0.023 0.783 -0.960 -0.006 0.278 1.183 0.000 0.000 0.000 1.000)
(-0.268 -0.024 0.963 2.911 0.000 1.000 0.024 0.782 -0.963 0.007 -0.268 -0.755 0.000 0.000 0.000 1.000)
(-0.987 0.014 -0.162 -0.733 -0.000 0.996 0.084 1.232 0.163 0.083 -0.983 -5.655 0.000 0.000 0.000 1.000)
(-0.949 0.026 -0.312 -1.422 0.000 0.996 0.084 1.212 0.314 0.079 -0.946 -5.267 0.000 0.000 0.000 1.000)
(-0.892 0.038 -0.450 -2.154 0.000 0.996 0.084 1.212 0.452 0.075 -0.889 -4.951 0.000 0.000 0.000 1.000)
(-0.718 0.046 -0.694 -3.571 -0.000 0.998 0.066 1.212 0.695 0.048 -0.717 -3.921 0.000 0.000 0.000 1.000)
(-0.581 -0.013 -0.814 -3.579 -0.000 1.000 -0.016 1.167 0.814 -0.009 -0.580 -2.501 0.000 0.000 0.000 1.000)
(-0.579 0.327 -0.747 -3.327 -0.000 0.916 0.401 3.120 0.815 0.233 -0.531 -2.316 0.000 0.000 0.000 1.000)
(-0.603 0.464 -0.649 -2.996 -0.000 0.814 0.581 3.765 0.798 0.351 -0.491 -2.059 0.000 0.000 0.000 1.000)
(-0.660 0.544 -0.517 -2.518 -0.001 0.688 0.725 4.211 0.751 0.480 -0.454 -2.124 0.000 0.000 0.000 1.000)
(-0.882 0.348 -0.316 -1.839 0.000 0.672 0.741 4.216 0.470 0.653 -0.593 -2.643 0.000 0.000 0.000 1.000)
(-0.954 0.220 -0.199 -0.995 0.000 0.672 0.741 4.216 0.297 0.707 -0.641 -3.002 0.000 0.000 0.000 1.000)
(-0.993 -0.087 0.082 0.149 0.000 0.686 0.728 4.216 -0.120 0.723 -0.681 -3.033 0.000 0.000 0.000 1.000)
(-0.836 -0.404 0.371 1.632 -0.000 0.677 0.736 4.216 -0.548 0.615 -0.566 -2.632 0.000 0.000 0.000 1.000)
(-0.631 -0.560 0.536 2.520 0.000 0.691 0.723 4.216 -0.775 0.456 -0.436 -1.837 0.000 0.000 0.000 1.000)
(-0.242 -0.699 0.672 3.103 0.002 0.693 0.721 4.216 -0.970 0.176 -0.166 -0.714 0.000 0.000 0.000 1.000)
(0.157 -0.699 0.697 3.158 0.001 0.706 0.708 4.216 -0.987 -0.110 0.111 0.512 0.000 0.000 0.000 1.000)
(0.438 -0.641 0.630 2.824 -0.000 0.701 0.713 4.216 -0.898 -0.313 0.307 1.616 0.000 0.000 0.000 1.000)
(0.767 -0.424 0.481 2.315 0.000 0.750 0.661 4.216 -0.641 -0.507 0.575 2.400 0.000 0.000 0.000 1.000)
(0.847 -0.352 0.399 1.735 0.000 0.750 0.661 4.216 -0.532 -0.560 0.635 2.799 0.000 0.000 0.000 1.000)
(0.916 -0.265 0.300 1.032 0.000 0.750 0.661 4.216 -0.400 -0.606 0.687 3.172 0.000 0.000 0.000 1.000)
(0.996 -0.055 0.062 0.228 0.000 0.750 0.661 4.216 -0.083 -0.658 0.747 3.391 0.000 0.000 0.000 1.000)
(0.986 0.111 -0.125 -0.685 -0.000 0.746 0.666 4.216 0.167 -0.657 0.735 3.329 0.000 0.000 0.000 1.000)
(0.913 0.274 -0.302 -1.484 -0.000 0.741 0.672 4.216 0.407 -0.613 0.676 3.082 0.000 0.000 0.000 1.000)
(0.806 0.386 -0.447 -2.427 0.000 0.757 0.654 4.216 0.591 -0.527 0.610 2.562 0.000 0.000 0.000 1.000)
(0.569 0.529 -0.630 -3.166 -0.000 0.766 0.643 4.216 0.822 -0.365 0.435 1.786 0.000 0.000 0.000 1.000)
(-0.033 0.601 -0.798 -4.921 -0.000 0.799 0.602 5.167 0.999 0.020 -0.026 -0.605 0.000 0.000 0.000 1.000)
(-0.984 -0.105 0.143 1.364 -0.000 0.807 0.591 5.388 -0.177 0.581 -0.794 -6.266 0.000 0.000 0.000 1.000)
(-0.937 -0.206 0.282 2.138 -0.000 0.807 0.591 5.247 -0.349 0.553 -0.756 -5.844 0.000 0.000 0.000 1.000)
(-0.888 -0.269 0.372 3.014 0.000 0.811 0.585 5.247 -0.459 0.520 -0.720 -5.457 0.000 0.000 0.000 1.000)
(-0.752 -0.385 0.534 3.775 -0.000 0.811 0.585 5.247 -0.658 0.440 -0.610 -4.948 0.000 0.000 0.000 1.000)
(-0.695 -0.420 0.583 4.512 -0.000 0.811 0.585 5.247 -0.719 0.407 -0.564 -4.215 0.000 0.000 0.000 1.000)
(-0.647 -0.454 0.613 5.136 -0.000 0.803 0.595 5.247 -0.763 0.385 -0.520 -3.540 0.000 0.000 0.000 1.000)
(-0.417 -0.534 0.735 5.686 0.000 0.809 0.588 5.247 -0.908 0.246 -0.337 -2.663 0.000 0.000 0.000 1.000)
(-0.263 -0.552 0.791 6.070 0.000 0.820 0.573 5.247 -0.965 0.151 -0.215 -1.656 0.000 0.000 0.000 1.000)
(-0.082 -0.552 0.829 6.482 -0.000 0.832 0.554 5.247 -0.996 0.045 -0.069 0.462 0.000 0.000 0.000 1.000)
(0.452 -0.495 0.742 4.871 0.000 0.832 0.555 4.204 -0.892 -0.251 0.376 2.217 0.000 0.000 0.000 1.000)
(0.541 -0.519 0.662 4.059 -0.000 0.787 0.617 3.954 -0.841 -0.334 0.426 2.821 0.000 0.000 0.000 1.000)
(0.702 -0.440 0.560 3.029 0.000 0.786 0.618 3.663 -0.712 -0.434 0.551 3.573 0.000 0.000 0.000 1.000)
(0.883 -0.240 0.403 1.919 0.000 0.859 0.511 3.631 -0.469 -0.452 0.759 4.290 0.000 0.000 0.000 1.000)
(0.983 -0.089 0.161 0.730 0.000 0.877 0.481 3.631 -0.184 -0.472 0.862 4.744 0.000 0.000 0.000 1.000)
(0.995 0.051 -0.082 -0.302 -0.000 0.852 0.523 3.631 0.096 -0.520 0.848 4.804 0.000 0.000 0.000 1.000)
(0.970 0.127 -0.205 -1.477 -0.000 0.850 0.527 3.631 0.242 -0.511 0.825 4.568 0.000 0.000 0.000 1.000)
(0.906 0.225 -0.358 -3.385 -0.000 0.846 0.533 3.631 0.423 -0.482 0.767 3.977 0.000 0.000 0.000 1.000)
(0.448 0.427 -0.786 -5.002 0.000 0.879 0.477 3.631 0.894 -0.214 0.393 2.159 0.000 0.000 0.000 1.000)
(0.162 0.466 -0.870 -5.449 -0.000 0.882 0.472 3.631 0.987 -0.076 0.143 0.759 0.000 0.000 0.000 1.000)
(-0.249 0.467 -0.849 -4.082 -0.000 0.876 0.482 2.801 0.969 0.120 -0.218 -2.682 0.000 0.000 0.000 1.000)
(-0.944 0.136 -0.300 -1.710 -0.000 0.911 0.412 2.769 0.329 0.389 -0.860 -4.563 0.000 0.000 0.000 1.000)
(-0.993 0.048 -0.106 -1.407 0.000 0.911 0.413 2.769 0.116 0.410 -0.904 -4.662 0.000 0.000 0.000 1.000)
(-0.996 0.039 -0.086 -0.266 0.000 0.911 0.413 3.017 0.094 0.411 -0.907 -5.320 0.000 0.000 0.000 1.000)
(-0.999 0.016 -0.037 0.764 0.000 0.916 0.400 3.017 0.040 0.400 -0.916 -5.390 0.000 0.000 0.000 1.000)
(-0.938 -0.130 0.319 2.137 -0.000 0.927 0.376 3.637 -0.345 0.353 -0.870 -5.924 0.000 0.000 0.000 1.000)
(-0.785 -0.227 0.577 3.891 0.000 0.931 0.366 3.627 -0.620 0.287 -0.730 -4.812 0.000 0.000 0.000 1.000)
(-0.491 -0.395 0.776 4.400 -0.000 0.891 0.453 3.181 -0.871 0.222 -0.438 -2.521 0.000 0.000 0.000 1.000)
(0.316 -0.401 0.859 3.731 0.000 0.906 0.423 2.300 -0.948 -0.133 0.287 1.475 0.000 0.000 0.000 1.000)
(0.136 -0.390 0.911 3.848 -0.000 0.919 0.394 2.280 -0.991 -0.054 0.125 0.598 0.000 0.000 0.000 1.000)
