(0.933 -0.028 0.359 0.927 -0.005 0.996 0.091 0.100 -0.360 -0.086 0.929 2.853 0.000 0.000 0.000 1.000)
(0.852 -0.026 0.523 1.763 0.003 0.999 0.044 0.100 -0.523 -0.035 0.851 2.427 0.000 0.000 0.000 1.000)
(0.563 0.025 0.826 2.427 0.001 1.000 -0.031 0.100 -0.826 0.018 0.563 1.763 0.000 0.000 0.000 1.000)
(0.341 -0.086 0.936 2.853 0.003 0.996 0.090 0.100 -0.940 -0.028 0.339 0.927 0.000 0.000 0.000 1.000)
(0.092 0.096 0.991 3.000 -0.009 0.995 -0.095 0.100 -0.996 0.000 0.092 0.000 0.000 0.000 0.000 1.000)
(-0.240 0.050 0.969 2.853 -0.004 0.999 -0.053 0.100 -0.971 -0.016 -0.240 -0.927 0.000 0.000 0.000 1.000)
(-0.577 -0.026 0.816 2.427 0.000 0.999 0.032 0.100 -0.817 0.019 -0.577 -1.763 0.000 0.000 0.000 1.000)
(-0.853 -0.042 0.519 1.763 -0.006 0.997 0.072 0.100 -0.521 0.058 -0.852 -2.427 0.000 0.000 0.000 1.000)
(-0.928 -0.014 0.373 0.927 0.003 0.999 0.044 0.100 -0.373 0.042 -0.927 -2.853 0.000 0.000 0.000 1.000)
(-0.999 -0.000 0.046 0.000 0.003 0.997 0.075 0.100 -0.046 0.075 -0.996 -3.000 0.000 0.000 0.000 1.000)
(-0.941 0.019 -0.339 -0.927 -0.002 0.998 0.061 0.100 0.339 0.058 -0.939 -2.853 0.000 0.000 0.000 1.000)
(-0.861 0.028 -0.508 -1.763 0.005 0.999 0.048 0.100 0.509 0.039 -0.860 -2.427 0.000 0.000 0.000 1.000)
(-0.541 -0.073 -0.838 -2.427 0.005 0.996 -0.090 0.100 0.841 -0.053 -0.538 -1.763 0.000 0.000 0.000 1.000)
(-0.306 -0.080 -0.949 -2.853 0.000 0.996 -0.085 0.100 0.952 -0.026 -0.305 -0.927 0.000 0.000 0.000 1.000)
(0.042 -0.034 -0.999 -3.000 0.001 0.999 -0.034 0.100 0.999 -0.000 0.042 -0.000 0.000 0.000 0.000 1.000)
(0.393 -0.073 -0.917 -2.853 0.007 0.997 -0.077 0.100 0.919 0.024 0.392 0.927 0.000 0.000 0.000 1.000)
(0.600 -0.001 -0.800 -2.427 0.000 1.000 -0.001 0.100 0.800 0.001 0.600 1.763 0.000 0.000 0.000 1.000)
(0.812 0.023 -0.583 -1.763 -0.000 0.999 0.038 0.100 0.583 -0.031 0.812 2.427 0.000 0.000 0.000 1.000)
(0.964 -0.018 -0.264 -0.927 0.003 0.998 -0.058 0.100 0.265 0.055 0.963 2.853 0.000 0.000 0.000 1.000)
(0.996 0.000 -0.091 0.000 0.001 1.000 0.015 0.100 0.091 -0.015 0.996 3.000 0.000 0.000 0.000 1.000)
(0.967 0.011 0.253 0.927 -0.002 0.999 -0.035 0.300 -0.253 0.033 0.967 2.853 0.000 0.000 0.000 1.000)
(0.843 0.033 0.537 1.763 -0.003 0.998 -0.055 0.300 -0.538 0.045 0.842 2.427 0.000 0.000 0.000 1.000)
(0.561 0.025 0.827 2.427 0.001 1.000 -0.031 0.300 -0.828 0.018 0.561 1.763 0.000 0.000 0.000 1.000)
(0.313 0.010 0.950 2.853 -0.000 1.000 -0.010 0.300 -0.950 0.003 0.313 0.927 0.000 0.000 0.000 1.000)
(0.087 -0.072 0.994 3.000 0.006 0.997 0.071 0.300 -0.996 -0.000 0.087 0.000 0.000 0.000 0.000 1.000)
(-0.300 0.009 0.954 2.853 -0.000 1.000 -0.010 0.300 -0.954 -0.003 -0.300 -0.927 0.000 0.000 0.000 1.000)
(-0.620 0.077 0.781 2.427 0.004 0.995 -0.095 0.300 -0.785 -0.056 -0.617 -1.763 0.000 0.000 0.000 1.000)
(-0.749 -0.004 0.662 1.763 0.001 1.000 0.006 0.300 -0.662 0.005 -0.749 -2.427 0.000 0.000 0.000 1.000)
(-0.950 0.010 0.312 0.927 -0.000 0.999 -0.032 0.300 -0.312 -0.030 -0.950 -2.853 0.000 0.000 0.000 1.000)
(-0.997 0.000 -0.081 0.000 0.000 1.000 -0.001 0.300 0.081 -0.001 -0.997 -3.000 0.000 0.000 0.000 1.000)
(-0.932 -0.020 -0.363 -0.927 0.004 0.998 -0.064 0.300 0.364 -0.061 -0.930 -2.853 0.000 0.000 0.000 1.000)
(-0.768 -0.008 -0.640 -1.763 0.001 1.000 -0.013 0.300 0.640 -0.010 -0.768 -2.427 0.000 0.000 0.000 1.000)
(-0.513 -0.070 -0.856 -2.427 0.008 0.996 -0.086 0.300 0.858 -0.051 -0.511 -1.763 0.000 0.000 0.000 1.000)
(-0.313 0.011 -0.950 -2.853 0.000 1.000 0.011 0.300 0.950 0.003 -0.313 -0.927 0.000 0.000 0.000 1.000)
(0.085 0.089 -0.992 -3.000 -0.008 0.996 0.088 0.300 0.996 0.000 0.085 -0.000 0.000 0.000 0.000 1.000)
(0.339 0.052 -0.939 -2.853 -0.002 0.999 0.055 0.300 0.941 -0.017 0.338 0.927 0.000 0.000 0.000 1.000)
(0.532 0.071 -0.844 -2.427 0.006 0.996 0.087 0.300 0.847 -0.051 0.530 1.763 0.000 0.000 0.000 1.000)
(0.858 -0.014 -0.513 -1.763 0.002 1.000 -0.023 0.300 0.513 0.019 0.858 2.427 0.000 0.000 0.000 1.000)
(0.971 -0.028 -0.237 -0.927 0.007 0.996 -0.091 0.300 0.238 0.087 0.967 2.853 0.000 0.000 0.000 1.000)
(0.998 0.000 0.068 0.000 -0.002 1.000 0.028 0.300 -0.068 -0.028 0.997 3.000 0.000 0.000 0.000 1.000)
(0.957 0.002 0.291 0.927 -0.000 1.000 -0.005 0.500 -0.291 0.005 0.957 2.853 0.000 0.000 0.000 1.000)
(0.841 0.031 0.540 1.763 -0.003 0.999 -0.053 0.500 -0.541 0.043 0.840 2.427 0.000 0.000 0.000 1.000)
(0.549 -0.042 0.835 2.427 -0.002 0.999 0.051 0.500 -0.836 -0.030 0.548 1.763 0.000 0.000 0.000 1.000)
(0.288 -0.048 0.956 2.853 -0.001 0.999 0.051 0.500 -0.958 -0.016 0.287 0.927 0.000 0.000 0.000 1.000)
(0.054 -0.067 0.996 3.000 0.004 0.998 0.067 0.500 -0.999 -0.000 0.054 0.000 0.000 0.000 0.000 1.000)
(-0.384 0.039 0.923 2.853 0.003 0.999 -0.040 0.500 -0.923 -0.013 -0.384 -0.927 0.000 0.000 0.000 1.000)
(-0.655 0.012 0.755 2.427 0.001 1.000 -0.015 0.500 -0.755 -0.009 -0.655 -1.763 0.000 0.000 0.000 1.000)
(-0.805 -0.036 0.592 1.763 0.000 0.998 0.061 0.500 -0.593 0.049 -0.804 -2.427 0.000 0.000 0.000 1.000)
(-0.942 0.022 0.336 0.927 -0.002 0.998 -0.071 0.500 -0.336 -0.067 -0.939 -2.853 0.000 0.000 0.000 1.000)
(-0.998 0.000 -0.055 0.000 0.002 0.999 -0.045 0.500 0.055 -0.045 -0.997 -3.000 0.000 0.000 0.000 1.000)
(-0.970 -0.010 -0.241 -0.927 -0.002 0.999 -0.032 0.500 0.241 -0.030 -0.970 -2.853 0.000 0.000 0.000 1.000)
(-0.808 0.011 -0.589 -1.763 -0.000 1.000 0.018 0.500 0.589 0.015 -0.808 -2.427 0.000 0.000 0.000 1.000)
(-0.657 -0.028 -0.753 -2.427 -0.003 0.999 -0.034 0.500 0.754 -0.020 -0.657 -1.763 0.000 0.000 0.000 1.000)
(-0.273 -0.058 -0.960 -2.853 0.002 0.998 -0.061 0.500 0.962 -0.019 -0.272 -0.927 0.000 0.000 0.000 1.000)
(-0.072 -0.086 -0.994 -3.000 -0.006 0.996 -0.086 0.500 0.997 -0.000 -0.073 -0.000 0.000 0.000 0.000 1.000)
(0.320 0.003 -0.948 -2.853 -0.000 1.000 0.003 0.500 0.948 -0.001 0.320 0.927 0.000 0.000 0.000 1.000)
(0.526 -0.044 -0.849 -2.427 -0.004 0.999 -0.054 0.500 0.851 0.032 0.525 1.763 0.000 0.000 0.000 1.000)
(0.783 0.027 -0.621 -1.763 0.002 0.999 0.047 0.500 0.622 -0.038 0.782 2.427 0.000 0.000 0.000 1.000)
(0.923 -0.014 -0.384 -0.927 -0.004 0.999 -0.045 0.500 0.384 0.043 0.922 2.853 0.000 0.000 0.000 1.000)
(0.996 0.000 0.086 0.000 -0.001 1.000 0.017 0.500 -0.086 -0.017 0.996 3.000 0.000 0.000 0.000 1.000)
(0.948 -0.029 0.318 0.927 -0.001 0.996 0.094 0.700 -0.320 -0.090 0.943 2.853 0.000 0.000 0.000 1.000)
(0.786 -0.043 0.617 1.763 -0.003 0.997 0.073 0.700 -0.618 -0.059 0.784 2.427 0.000 0.000 0.000 1.000)
(0.532 -0.051 0.845 2.427 -0.004 0.998 0.063 0.700 -0.846 -0.037 0.531 1.763 0.000 0.000 0.000 1.000)
(0.336 0.040 0.941 2.853 -0.001 0.999 -0.042 0.700 -0.942 0.013 0.336 0.927 0.000 0.000 0.000 1.000)
(0.027 0.008 1.000 3.000 -0.000 1.000 -0.008 0.700 -1.000 0.000 0.027 0.000 0.000 0.000 0.000 1.000)
(-0.318 -0.001 0.948 2.853 -0.000 1.000 0.001 0.700 -0.948 0.000 -0.318 -0.927 0.000 0.000 0.000 1.000)
(-0.615 -0.061 0.786 2.427 -0.003 0.997 0.076 0.700 -0.788 0.044 -0.614 -1.763 0.000 0.000 0.000 1.000)
(-0.861 0.007 0.508 1.763 0.001 1.000 -0.013 0.700 -0.508 -0.010 -0.861 -2.427 0.000 0.000 0.000 1.000)
(-0.948 0.019 0.318 0.927 -0.001 0.998 -0.063 0.700 -0.319 -0.060 -0.946 -2.853 0.000 0.000 0.000 1.000)
(-1.000 0.000 0.015 0.000 -0.001 0.996 -0.087 0.700 -0.015 -0.087 -0.996 -3.000 0.000 0.000 0.000 1.000)
(-0.920 -0.029 -0.390 -0.927 0.008 0.995 -0.095 0.700 0.391 -0.091 -0.916 -2.853 0.000 0.000 0.000 1.000)
(-0.780 -0.011 -0.626 -1.763 0.001 1.000 -0.019 0.700 0.626 -0.016 -0.779 -2.427 0.000 0.000 0.000 1.000)
(-0.543 0.025 -0.840 -2.427 -0.002 1.000 0.030 0.700 0.840 0.018 -0.542 -1.763 0.000 0.000 0.000 1.000)
(-0.272 0.046 -0.961 -2.853 -0.002 0.999 0.048 0.700 0.962 0.015 -0.272 -0.927 0.000 0.000 0.000 1.000)
(-0.028 -0.032 -0.999 -3.000 -0.001 0.999 -0.032 0.700 1.000 -0.000 -0.028 -0.000 0.000 0.000 0.000 1.000)
(0.346 0.065 -0.936 -2.853 -0.003 0.998 0.069 0.700 0.938 -0.021 0.346 0.927 0.000 0.000 0.000 1.000)
(0.594 -0.005 -0.805 -2.427 0.000 1.000 -0.006 0.700 0.805 0.004 0.594 1.763 0.000 0.000 0.000 1.000)
(0.843 -0.001 -0.538 -1.763 0.000 1.000 -0.001 0.700 0.538 0.001 0.843 2.427 0.000 0.000 0.000 1.000)
(0.946 -0.022 -0.325 -0.927 -0.001 0.997 -0.071 0.700 0.326 0.068 0.943 2.853 0.000 0.000 0.000 1.000)
(0.996 0.000 -0.088 0.000 -0.005 0.999 -0.053 0.700 0.088 0.053 0.995 3.000 0.000 0.000 0.000 1.000)
(0.966 0.019 0.259 0.927 -0.003 0.998 -0.062 0.900 -0.260 0.059 0.964 2.853 0.000 0.000 0.000 1.000)
(0.755 0.048 0.655 1.763 0.007 0.997 -0.081 0.900 -0.656 0.066 0.752 2.427 0.000 0.000 0.000 1.000)
(0.657 -0.028 0.753 2.427 0.003 0.999 0.035 0.900 -0.754 -0.021 0.657 1.763 0.000 0.000 0.000 1.000)
(0.241 0.081 0.967 2.853 0.006 0.996 -0.085 0.900 -0.971 0.026 0.240 0.927 0.000 0.000 0.000 1.000)
(0.046 0.002 0.999 3.000 -0.000 1.000 -0.002 0.900 -0.999 0.000 0.046 0.000 0.000 0.000 0.000 1.000)
(-0.370 -0.063 0.927 2.853 -0.004 0.998 0.066 0.900 -0.929 0.021 -0.370 -0.927 0.000 0.000 0.000 1.000)
(-0.572 -0.072 0.817 2.427 0.002 0.996 0.090 0.900 -0.820 0.053 -0.569 -1.763 0.000 0.000 0.000 1.000)
(-0.840 0.046 0.540 1.763 0.004 0.997 -0.079 0.900 -0.542 -0.064 -0.838 -2.427 0.000 0.000 0.000 1.000)
(-0.960 -0.010 0.278 0.927 -0.001 1.000 0.031 0.900 -0.279 0.029 -0.960 -2.853 0.000 0.000 0.000 1.000)
(-0.997 -0.000 -0.081 0.000 -0.002 1.000 0.031 0.900 0.081 0.031 -0.996 -3.000 0.000 0.000 0.000 1.000)
(-0.927 0.002 -0.375 -0.927 -0.001 1.000 0.007 0.900 0.375 0.007 -0.927 -2.853 0.000 0.000 0.000 1.000)
(-0.789 0.042 -0.614 -1.763 -0.002 0.997 0.071 0.900 0.615 0.058 -0.786 -2.427 0.000 0.000 0.000 1.000)
(-0.564 -0.007 -0.825 -2.427 0.000 1.000 -0.009 0.900 0.825 -0.005 -0.564 -1.763 0.000 0.000 0.000 1.000)
(-0.347 0.034 -0.937 -2.853 0.001 0.999 0.036 0.900 0.938 0.011 -0.347 -0.927 0.000 0.000 0.000 1.000)
(0.015 -0.031 -0.999 -3.000 0.000 1.000 -0.031 0.900 1.000 -0.000 0.015 -0.000 0.000 0.000 0.000 1.000)
(0.297 0.042 -0.954 -2.853 0.001 0.999 0.044 0.900 0.955 -0.014 0.297 0.927 0.000 0.000 0.000 1.000)
(0.628 -0.036 -0.777 -2.427 0.002 0.999 -0.045 0.900 0.778 0.026 0.627 1.763 0.000 0.000 0.000 1.000)
(0.849 0.050 -0.525 -1.763 -0.006 0.996 0.084 0.900 0.528 -0.068 0.847 2.427 0.000 0.000 0.000 1.000)
(0.961 -0.001 -0.278 -0.927 0.000 1.000 -0.004 0.900 0.278 0.004 0.961 2.853 0.000 0.000 0.000 1.000)
(0.999 0.000 -0.045 0.000 0.004 0.996 0.093 0.900 0.045 -0.093 0.995 3.000 0.000 0.000 0.000 1.000)
(0.902 0.035 -0.431 -2.057 -0.000 0.997 0.080 1.356 0.432 -0.072 0.899 3.367 0.000 0.000 0.000 1.000)
(0.954 0.018 -0.298 -1.597 -0.000 0.998 0.059 1.356 0.298 -0.056 0.953 3.569 0.000 0.000 0.000 1.000)
(0.976 0.012 -0.217 -1.008 -0.000 0.998 0.056 1.356 0.218 -0.054 0.974 3.737 0.000 0.000 0.000 1.000)
(1.000 -0.000 0.014 -0.422 -0.000 0.999 0.044 1.356 -0.014 -0.044 0.999 3.804 0.000 0.000 0.000 1.000)
(0.995 -0.004 0.101 0.219 -0.000 0.999 0.042 1.356 -0.101 -0.042 0.994 3.773 0.000 0.000 0.000 1.000)
(0.976 0.004 0.216 0.725 0.000 1.000 -0.019 1.356 -0.216 0.018 0.976 3.716 0.000 0.000 0.000 1.000)
(0.905 -0.009 0.425 1.292 0.000 1.000 0.020 1.356 -0.425 -0.018 0.905 3.531 0.000 0.000 0.000 1.000)
(0.874 -0.022 0.486 1.866 0.000 0.999 0.045 1.356 -0.486 -0.039 0.873 3.242 0.000 0.000 0.000 1.000)
(0.696 -0.058 0.715 2.794 0.001 0.997 0.081 1.356 -0.718 -0.056 0.693 2.593 0.000 0.000 0.000 1.000)
(0.452 -0.072 0.889 3.393 -0.000 0.997 0.081 1.356 -0.892 -0.037 0.450 1.752 0.000 0.000 0.000 1.000)
(0.198 -0.069 0.978 3.761 -0.000 0.997 0.071 1.356 -0.980 -0.014 0.198 0.743 0.000 0.000 0.000 1.000)
(-0.079 -0.185 0.979 3.877 0.000 0.983 0.186 1.356 -0.997 0.015 -0.078 -0.326 0.000 0.000 0.000 1.000)
(-0.359 0.032 0.933 3.592 -0.001 0.999 -0.035 1.356 -0.933 -0.013 -0.359 -1.525 0.000 0.000 0.000 1.000)
(-0.526 0.000 0.850 3.149 0.000 1.000 0.000 1.356 -0.850 0.001 -0.526 -2.507 0.000 0.000 0.000 1.000)
(-0.721 0.024 0.692 1.886 -0.000 0.999 -0.034 1.385 -0.693 -0.025 -0.721 -2.170 0.000 0.000 0.000 1.000)
(-0.803 -0.082 0.591 2.687 -0.000 0.991 0.137 1.730 -0.596 0.110 -0.795 -3.611 0.000 0.000 0.000 1.000)
(-0.893 -0.060 0.446 1.840 -0.000 0.991 0.132 1.730 -0.450 0.118 -0.885 -4.156 0.000 0.000 0.000 1.000)
(-0.999 -0.003 0.053 0.501 -0.000 0.999 0.044 1.730 -0.053 0.044 -0.998 -4.501 0.000 0.000 0.000 1.000)
(-0.994 0.018 -0.110 -0.696 0.000 0.987 0.159 1.730 0.111 0.158 -0.981 -4.481 0.000 0.000 0.000 1.000)
(-0.943 0.035 -0.330 -1.668 -0.000 0.994 0.107 1.730 0.332 0.101 -0.938 -4.263 0.000 0.000 0.000 1.000)
(-0.761 0.068 -0.645 -2.874 -0.000 0.995 0.105 1.730 0.649 0.080 -0.756 -3.577 0.000 0.000 0.000 1.000)
(-0.654 0.066 -0.753 -3.832 -0.000 0.996 0.087 1.730 0.756 0.057 -0.651 -2.671 0.000 0.000 0.000 1.000)
(-0.328 0.122 -0.937 -4.455 0.000 0.992 0.129 1.730 0.945 0.042 -0.325 -1.567 0.000 0.000 0.000 1.000)
(0.084 0.126 -0.988 -4.654 -0.000 0.992 0.127 1.730 0.996 -0.010 0.083 -0.280 0.000 0.000 0.000 1.000)
(0.312 0.116 -0.943 -4.431 -0.000 0.993 0.122 1.730 0.950 -0.038 0.310 0.935 0.000 0.000 0.000 1.000)
(0.654 0.103 -0.749 -3.599 -0.000 0.991 0.136 1.730 0.756 -0.089 0.648 2.648 0.000 0.000 0.000 1.000)
(0.815 0.086 -0.574 -3.246 0.000 0.989 0.149 1.896 0.580 -0.121 0.806 4.550 0.000 0.000 0.000 1.000)
(0.993 0.005 0.121 0.497 -0.000 0.999 -0.043 0.841 -0.122 0.042 0.992 3.950 0.000 0.000 0.000 1.000)
(0.940 -0.002 0.341 1.753 -0.000 1.000 0.007 0.836 -0.341 -0.007 0.940 3.770 0.000 0.000 0.000 1.000)
(0.791 0.012 0.611 2.838 0.000 1.000 -0.019 0.836 -0.611 0.015 0.791 3.073 0.000 0.000 0.000 1.000)
(0.579 -0.020 0.815 3.733 0.000 1.000 0.024 0.836 -0.815 -0.014 0.579 2.069 0.000 0.000 0.000 1.000)
(0.290 -0.023 0.957 4.141 0.000 1.000 0.024 0.836 -0.957 -0.007 0.290 0.903 0.000 0.000 0.000 1.000)
(-0.061 -0.024 0.998 4.273 0.000 1.000 0.024 0.836 -0.998 0.001 -0.061 -0.393 0.000 0.000 0.000 1.000)
(-0.266 0.040 0.963 3.992 -0.000 0.999 -0.042 0.836 -0.964 -0.011 -0.266 -1.727 0.000 0.000 0.000 1.000)
(-0.613 -0.097 0.784 3.298 0.000 0.992 0.122 0.836 -0.790 0.075 -0.608 -3.091 0.000 0.000 0.000 1.000)
(-0.744 0.071 0.665 2.503 0.000 0.994 -0.106 0.836 -0.668 -0.078 -0.740 -3.847 0.000 0.000 0.000 1.000)
(-0.970 0.008 0.243 0.677 0.000 1.000 -0.031 0.880 -0.243 -0.031 -0.969 -3.785 0.000 0.000 0.000 1.000)
(-0.975 -0.042 0.218 0.662 0.000 0.982 0.188 0.881 -0.222 0.183 -0.958 -3.777 0.000 0.000 0.000 1.000)
(-0.989 0.012 -0.148 -0.952 -0.000 0.996 0.084 0.881 0.149 0.083 -0.985 -3.998 0.000 0.000 0.000 1.000)
(-0.987 0.013 -0.157 -0.908 -0.000 0.996 0.084 1.325 0.158 0.083 -0.984 -3.967 0.000 0.000 0.000 1.000)
(-0.919 0.064 -0.390 -1.887 0.000 0.987 0.163 1.359 0.395 0.150 -0.906 -3.769 0.000 0.000 0.000 1.000)
(-0.838 0.099 -0.537 -2.786 0.000 0.984 0.180 1.359 0.546 0.151 -0.824 -3.345 0.000 0.000 0.000 1.000)
(-0.722 0.067 -0.689 -3.196 -0.000 0.995 0.097 0.498 0.692 0.070 -0.718 -3.181 0.000 0.000 0.000 1.000)
(-0.590 0.004 -0.808 -4.047 0.000 1.000 0.005 0.482 0.808 0.003 -0.590 -2.201 0.000 0.000 0.000 1.000)
(-0.160 -0.010 -0.987 -4.062 0.000 1.000 -0.010 0.493 0.987 -0.002 -0.160 -0.490 0.000 0.000 0.000 1.000)
(0.168 0.035 -0.985 -4.073 0.000 0.999 0.035 0.493 0.986 -0.006 0.168 0.620 0.000 0.000 0.000 1.000)
(0.136 0.048 -0.990 -4.552 -0.000 0.999 0.049 1.188 0.991 -0.007 0.136 0.710 0.000 0.000 0.000 1.000)
(0.418 0.081 -0.905 -4.162 0.000 0.996 0.089 1.351 0.909 -0.037 0.416 2.058 0.000 0.000 0.000 1.000)
(0.526 0.071 -0.848 -2.941 -0.000 0.996 0.084 1.251 0.851 -0.044 0.524 1.809 0.000 0.000 0.000 1.000)
(0.848 0.044 -0.528 -1.935 -0.000 0.996 0.084 1.263 0.530 -0.071 0.845 3.031 0.000 0.000 0.000 1.000)
(0.988 0.013 -0.151 -0.676 -0.000 0.996 0.084 1.287 0.152 -0.083 0.985 3.813 0.000 0.000 0.000 1.000)
(0.948 -0.031 0.316 1.180 0.000 0.995 0.097 1.287 -0.318 -0.092 0.943 3.850 0.000 0.000 0.000 1.000)
(0.957 -0.119 0.263 2.132 0.000 0.911 0.412 3.616 -0.289 -0.394 0.872 4.816 0.000 0.000 0.000 1.000)
(0.974 -0.096 0.205 1.294 0.000 0.906 0.423 3.616 -0.227 -0.412 0.883 5.085 0.000 0.000 0.000 1.000)
(0.998 0.026 -0.056 -0.251 -0.000 0.906 0.423 3.616 0.062 -0.422 0.904 5.210 0.000 0.000 0.000 1.000)
(0.955 0.133 -0.266 -1.428 -0.000 0.895 0.446 3.616 0.297 -0.425 0.855 5.004 0.000 0.000 0.000 1.000)
(0.860 0.200 -0.468 -2.820 -0.000 0.920 0.392 3.616 0.509 -0.337 0.792 4.402 0.000 0.000 0.000 1.000)
(0.639 0.318 -0.700 -3.749 -0.000 0.911 0.413 3.616 0.769 -0.264 0.582 3.597 0.000 0.000 0.000 1.000)
(0.442 0.370 -0.817 -4.482 -0.000 0.911 0.413 3.616 0.897 -0.183 0.403 2.506 0.000 0.000 0.000 1.000)
(0.210 0.404 -0.890 -5.334 -0.000 0.911 0.413 3.803 0.978 -0.087 0.192 1.322 0.000 0.000 0.000 1.000)
(-0.034 0.413 -0.910 -5.730 -0.000 0.911 0.413 3.930 0.999 0.014 -0.031 0.069 0.000 0.000 0.000 1.000)
(0.021 0.314 -0.949 -5.715 -0.000 0.949 0.314 3.930 1.000 -0.007 0.020 -1.129 0.000 0.000 0.000 1.000)
(-0.504 0.419 -0.755 -5.270 -0.001 0.874 0.486 3.930 0.864 0.245 -0.440 -2.466 0.000 0.000 0.000 1.000)
(-0.713 0.344 -0.611 -4.331 0.000 0.871 0.491 3.930 0.701 0.350 -0.621 -3.648 0.000 0.000 0.000 1.000)
(-0.877 0.230 -0.422 -3.299 0.000 0.878 0.479 4.356 0.481 0.420 -0.770 -5.333 0.000 0.000 0.000 1.000)
(-0.973 0.114 -0.200 -1.949 0.000 0.868 0.497 4.512 0.230 0.483 -0.844 -6.231 0.000 0.000 0.000 1.000)
(-1.000 -0.009 0.015 0.372 -0.001 0.890 0.456 4.225 -0.017 0.456 -0.889 -6.136 0.000 0.000 0.000 1.000)
(-0.928 -0.179 0.325 1.645 -0.000 0.876 0.482 4.225 -0.371 0.447 -0.814 -5.839 0.000 0.000 0.000 1.000)
(-0.868 -0.239 0.435 2.332 -0.000 0.876 0.482 4.225 -0.496 0.418 -0.761 -5.516 0.000 0.000 0.000 1.000)
(-0.817 -0.278 0.505 3.138 -0.000 0.876 0.482 4.225 -0.576 0.394 -0.716 -4.997 0.000 0.000 0.000 1.000)
(-0.756 -0.315 0.574 3.700 -0.000 0.876 0.482 4.225 -0.655 0.364 -0.662 -4.548 0.000 0.000 0.000 1.000)
(-0.679 -0.354 0.643 4.311 -0.000 0.876 0.482 4.225 -0.734 0.327 -0.595 -3.973 0.000 0.000 0.000 1.000)
(-0.560 -0.399 0.725 4.632 -0.000 0.876 0.482 4.225 -0.828 0.270 -0.491 -3.565 0.000 0.000 0.000 1.000)
(-0.456 -0.508 0.731 5.074 -0.000 0.821 0.571 4.225 -0.890 0.260 -0.374 -2.806 0.000 0.000 0.000 1.000)
(-0.123 -0.457 0.881 5.599 0.000 0.888 0.460 4.225 -0.992 0.057 -0.109 -1.013 0.000 0.000 0.000 1.000)
(0.049 -0.465 0.884 6.304 -0.000 0.885 0.466 4.547 -0.999 -0.023 0.043 0.250 0.000 0.000 0.000 1.000)
(0.391 -0.440 0.808 5.996 0.000 0.878 0.479 4.557 -0.920 -0.187 0.344 1.724 0.000 0.000 0.000 1.000)
(-0.753 -0.023 0.658 3.502 0.000 0.999 0.035 0.886 -0.658 0.027 -0.752 -3.819 0.000 0.000 0.000 1.000)
(-0.901 -0.015 0.434 2.225 -0.000 0.999 0.035 0.889 -0.434 0.031 -0.900 -4.757 0.000 0.000 0.000 1.000)
(-0.988 -0.007 0.151 0.474 0.000 0.999 0.049 0.889 -0.151 0.048 -0.987 -5.303 0.000 0.000 0.000 1.000)
(-0.974 0.011 -0.226 -1.577 0.000 0.999 0.049 0.889 0.226 0.048 -0.973 -5.112 0.000 0.000 0.000 1.000)
(-0.469 -0.000 -0.883 -5.028 0.000 1.000 -0.000 0.889 0.883 -0.000 -0.469 -2.480 0.000 0.000 0.000 1.000)
(-0.142 0.014 -0.990 -5.469 0.000 1.000 0.014 0.889 0.990 0.002 -0.142 -1.075 0.000 0.000 0.000 1.000)
(0.090 0.014 -0.996 -5.535 0.000 1.000 0.014 0.889 0.996 -0.001 0.090 0.597 0.000 0.000 0.000 1.000)
(0.435 -0.026 -0.900 -4.041 -0.000 1.000 -0.029 0.852 0.900 0.013 0.435 1.884 0.000 0.000 0.000 1.000)
(0.724 0.066 -0.686 -2.483 0.000 0.995 0.096 1.930 0.690 -0.070 0.721 2.621 0.000 0.000 0.000 1.000)
(0.814 0.002 -0.581 -2.652 0.000 1.000 0.003 2.045 0.581 -0.003 0.814 4.407 0.000 0.000 0.000 1.000)
(0.991 0.014 -0.132 -0.765 0.000 0.994 0.106 2.044 0.133 -0.105 0.985 4.839 0.000 0.000 0.000 1.000)
(0.914 -0.086 0.398 2.315 -0.000 0.977 0.211 2.846 -0.407 -0.193 0.893 5.258 0.000 0.000 0.000 1.000)
(0.864 -0.095 0.494 2.636 0.000 0.982 0.187 2.682 -0.503 -0.161 0.849 4.195 0.000 0.000 0.000 1.000)
(0.533 -0.170 0.829 3.829 0.000 0.980 0.201 2.682 -0.846 -0.107 0.522 3.053 0.000 0.000 0.000 1.000)
(0.124 -0.236 0.964 5.229 0.000 0.971 0.238 2.817 -0.992 -0.030 0.121 0.542 0.000 0.000 0.000 1.000)
(-0.116 -0.254 0.960 4.149 0.000 0.967 0.255 2.644 -0.993 0.030 -0.113 -0.471 0.000 0.000 0.000 1.000)
(-0.348 -0.449 0.823 3.729 0.000 0.877 0.480 2.621 -0.937 0.167 -0.306 -1.691 0.000 0.000 0.000 1.000)
(-0.718 -0.262 0.644 2.879 -0.002 0.927 0.375 2.621 -0.696 0.268 -0.666 -3.258 0.000 0.000 0.000 1.000)
(-0.942 -0.062 0.329 1.719 -0.001 0.983 0.183 2.621 -0.335 0.173 -0.926 -3.926 0.000 0.000 0.000 1.000)
(-0.986 -0.042 0.160 -0.057 0.001 0.967 0.255 2.621 -0.165 0.252 -0.953 -4.526 0.000 0.000 0.000 1.000)
(-0.976 0.057 -0.209 -1.164 0.000 0.965 0.262 2.621 0.217 0.256 -0.942 -4.499 0.000 0.000 0.000 1.000)
(-0.095 0.069 -0.993 -6.505 -0.000 0.998 0.070 1.273 0.995 0.007 -0.095 -0.787 0.000 0.000 0.000 1.000)
(-0.442 0.032 -0.896 -5.243 0.000 0.999 0.036 1.247 0.896 0.016 -0.442 -2.702 0.000 0.000 0.000 1.000)
(-0.727 0.038 -0.685 -3.615 0.000 0.998 0.056 1.217 0.686 0.041 -0.726 -4.083 0.000 0.000 0.000 1.000)
(-0.902 0.021 -0.430 -2.239 0.000 0.999 0.049 1.180 0.430 0.044 -0.901 -4.264 0.000 0.000 0.000 1.000)
(-0.999 0.002 -0.052 -0.434 0.000 0.999 0.042 1.180 0.052 0.042 -0.998 -4.718 0.000 0.000 0.000 1.000)
(-0.929 -0.022 0.369 1.973 -0.000 0.998 0.059 1.205 -0.370 0.055 -0.927 -4.773 0.000 0.000 0.000 1.000)
(-0.731 -0.045 0.681 3.399 -0.000 0.998 0.066 1.205 -0.682 0.048 -0.730 -3.843 0.000 0.000 0.000 1.000)
(-0.322 -0.076 0.943 4.788 0.000 0.997 0.080 1.205 -0.946 0.026 -0.321 -1.829 0.000 0.000 0.000 1.000)
(0.101 -0.073 0.992 4.965 0.000 0.997 0.073 1.205 -0.995 -0.007 0.100 0.541 0.000 0.000 0.000 1.000)
(0.554 -0.064 0.830 4.193 -0.000 0.997 0.077 1.205 -0.832 -0.043 0.553 2.913 0.000 0.000 0.000 1.000)
(0.893 -0.033 0.450 2.264 0.000 0.997 0.074 1.205 -0.451 -0.066 0.890 4.545 0.000 0.000 0.000 1.000)
(1.000 0.001 -0.016 -0.146 0.000 0.997 0.073 1.205 0.016 -0.073 0.997 4.999 0.000 0.000 0.000 1.000)
(0.850 0.024 -0.526 -2.634 0.000 0.999 0.045 1.205 0.527 -0.039 0.849 4.263 0.000 0.000 0.000 1.000)
(0.752 0.030 -0.658 -3.913 -0.000 0.999 0.045 1.234 0.659 -0.034 0.751 4.156 0.000 0.000 0.000 1.000)
(0.400 0.238 -0.885 -3.993 0.000 0.966 0.260 2.282 0.916 -0.104 0.387 1.729 0.000 0.000 0.000 1.000)
(0.322 0.631 -0.706 -4.337 -0.000 0.745 0.667 4.356 0.947 -0.215 0.240 1.303 0.000 0.000 0.000 1.000)
(0.316 0.757 -0.571 -2.718 0.000 0.602 0.798 4.934 0.949 -0.252 0.190 0.708 0.000 0.000 0.000 1.000)
(0.302 0.868 -0.393 -1.752 0.000 0.413 0.911 5.472 0.953 -0.275 0.125 0.401 0.000 0.000 0.000 1.000)
(0.300 0.953 -0.029 0.148 0.000 0.030 1.000 5.737 0.954 -0.300 0.009 -0.195 0.000 0.000 0.000 1.000)
(-0.435 -0.560 0.705 2.898 0.000 0.783 0.622 4.083 -0.900 0.271 -0.341 -1.361 0.000 0.000 0.000 1.000)
(-0.414 -0.481 0.773 3.475 -0.000 0.849 0.528 3.209 -0.910 0.218 -0.352 -1.630 0.000 0.000 0.000 1.000)
(-0.481 -0.323 0.814 3.968 0.001 0.929 0.369 2.196 -0.877 0.178 -0.447 -1.886 0.000 0.000 0.000 1.000)
(-0.373 -0.275 0.886 4.195 0.000 0.955 0.297 1.432 -0.928 0.111 -0.356 -1.995 0.000 0.000 0.000 1.000)
(-0.787 -0.053 0.615 3.163 -0.000 0.996 0.085 1.299 -0.617 0.067 -0.784 -4.045 0.000 0.000 0.000 1.000)
(-0.881 -0.040 0.471 2.359 -0.000 0.996 0.084 1.299 -0.473 0.074 -0.878 -4.637 0.000 0.000 0.000 1.000)
(-0.993 -0.010 0.121 1.130 -0.000 0.996 0.084 1.299 -0.121 0.083 -0.989 -5.045 0.000 0.000 0.000 1.000)
(-0.999 -0.003 0.041 0.001 -0.000 0.998 0.065 1.299 -0.041 0.065 -0.997 -5.146 0.000 0.000 0.000 1.000)
(-0.869 0.084 -0.487 -1.572 0.000 0.985 0.170 0.744 0.495 0.148 -0.856 -2.683 0.000 0.000 0.000 1.000)
(-0.752 0.112 -0.650 -3.762 0.000 0.985 0.170 1.138 0.659 0.128 -0.741 -3.961 0.000 0.000 0.000 1.000)
(-0.525 0.145 -0.839 -4.795 0.000 0.985 0.170 1.140 0.851 0.089 -0.518 -2.648 0.000 0.000 0.000 1.000)
(-0.207 0.131 -0.970 -3.883 -0.000 0.991 0.134 0.847 0.978 0.028 -0.205 -0.616 0.000 0.000 0.000 1.000)
(0.179 0.146 -0.973 -4.512 0.000 0.989 0.149 0.919 0.984 -0.027 0.177 0.583 0.000 0.000 0.000 1.000)
(0.327 0.141 -0.935 -4.180 -0.000 0.989 0.150 0.919 0.945 -0.049 0.323 1.759 0.000 0.000 0.000 1.000)
(0.654 0.113 -0.748 -3.389 -0.000 0.989 0.150 0.919 0.757 -0.098 0.647 3.070 0.000 0.000 0.000 1.000)
(0.906 0.063 -0.418 -2.111 -0.000 0.989 0.150 0.919 0.423 -0.135 0.896 4.132 0.000 0.000 0.000 1.000)
(0.976 0.023 -0.217 -0.864 -0.000 0.995 0.102 0.919 0.218 -0.099 0.971 4.556 0.000 0.000 0.000 1.000)
(0.996 -0.007 0.089 0.312 0.000 0.997 0.073 0.863 -0.089 -0.073 0.993 3.910 0.000 0.000 0.000 1.000)
(0.917 -0.029 0.397 1.610 0.000 0.997 0.073 0.863 -0.398 -0.067 0.915 3.643 0.000 0.000 0.000 1.000)
(0.710 -0.122 0.694 3.211 -0.000 0.985 0.173 2.060 -0.705 -0.123 0.699 3.112 0.000 0.000 0.000 1.000)
(0.624 -0.179 0.761 3.621 0.000 0.973 0.229 2.195 -0.782 -0.143 0.607 2.613 0.000 0.000 0.000 1.000)
(0.354 -0.214 0.910 4.116 -0.000 0.973 0.229 2.196 -0.935 -0.081 0.345 1.760 0.000 0.000 0.000 1.000)
(0.186 -0.224 0.956 4.362 0.000 0.974 0.228 2.196 -0.982 -0.043 0.181 0.918 0.000 0.000 0.000 1.000)
(0.055 -0.143 0.988 4.482 -0.000 0.990 0.143 2.196 -0.999 -0.008 0.054 -0.114 0.000 0.000 0.000 1.000)
(-0.214 -0.214 0.953 4.422 0.001 0.976 0.219 2.196 -0.977 0.048 -0.208 -0.986 0.000 0.000 0.000 1.000)
(-0.406 -0.210 0.888 4.256 0.000 0.973 0.231 2.196 -0.913 0.094 -0.395 -1.518 0.000 0.000 0.000 1.000)
(-0.527 -0.197 0.827 3.970 0.000 0.973 0.232 2.196 -0.850 0.122 -0.513 -2.043 0.000 0.000 0.000 1.000)
(-0.614 -0.183 0.768 3.627 0.000 0.973 0.232 2.196 -0.789 0.142 -0.597 -2.534 0.000 0.000 0.000 1.000)
(-0.705 -0.164 0.689 3.261 -0.000 0.973 0.232 2.196 -0.709 0.163 -0.686 -2.957 0.000 0.000 0.000 1.000)
(-0.880 -0.076 0.469 1.878 0.000 0.987 0.160 2.196 -0.475 0.141 -0.868 -4.035 0.000 0.000 0.000 1.000)
(-0.962 -0.057 0.264 1.254 0.001 0.977 0.213 2.196 -0.270 0.205 -0.940 -4.296 0.000 0.000 0.000 1.000)
(-0.998 -0.011 0.047 0.508 0.000 0.974 0.225 2.196 -0.049 0.224 -0.973 -4.423 0.000 0.000 0.000 1.000)
(-0.998 0.016 -0.068 -0.131 0.000 0.974 0.225 2.196 0.070 0.224 -0.972 -4.414 0.000 0.000 0.000 1.000)
