[0.9330535099649631 -0.004903092632997424 -0.3597041940604737 0.0 -0.028061915525976467 0.9958682119381491 -0.08636569543590042 0.0 0.35864143157069234 0.09067780397509634 0.9290607404401383 0.0 0.9270509831248421 0.1 2.8531695488854605 1.0]
[0.8521265872484146 0.003385036122407288 -0.5233247756745517 0.0 -0.025652461587126495 0.999047208945756 -0.03530758434410217 0.0 0.5227066390614251 0.043511100056708364 0.8514015231681021 0.0 1.7633557568774194 0.1 2.4270509831248424 1.0]
[0.5632470418803709 0.000943173796515776 -0.8262880128842494 0.0 0.025419281814997606 0.999506271164468 0.01846818926994906 0.0 0.8258974693780226 -0.03140580083504472 0.5629449757737321 0.0 2.4270509831248424 0.1 1.7633557568774194 1.0]
[0.3405687743843873 0.0030167692102261094 -0.9402147674961548 0.0 -0.08566079396956558 0.9959355196067715 -0.027832879155660826 0.0 0.9363093176353741 0.0900185530272633 0.33944295812412706 0.0 2.8531695488854605 0.1 0.9270509831248424 1.0]
[0.09189791479870377 -0.008818931501772495 -0.9957293807570495 0.0 0.09552558754839574 0.9954269747819444 5.8492552513906555e-18 0.0 0.9911758851884886 -0.09511763413601741 0.09232009693009845 0.0 3.0 0.1 1.8369701987210297e-16 1.0]
[-0.24036376154221994 -0.003772002227565591 -0.9706755555469965 0.0 0.050204601079306486 0.9986057287826131 -0.016312463732182498 0.0 0.9693837012080111 -0.052653304186359585 -0.23983925740069356 0.0 2.853169548885461 0.1 -0.927050983124842 1.0]
[-0.5770922703404862 0.00042623682315280067 -0.8166788413050957 0.0 -0.02620065685539895 0.9994754426279804 0.019035891467122538 0.0 0.8162585601962216 0.03238298790681646 -0.5767783846510011 0.0 2.4270509831248424 0.1 -1.7633557568774192 1.0]
[-0.8534872203030764 -0.0057959452245675966 -0.5210815404505149 0.0 -0.042418786460274964 0.9973925518386731 0.05838445077224985 0.0 0.5193844542673236 0.07193402919129085 -0.8515076535825976 0.0 1.7633557568774196 0.1 -2.427050983124842 1.0]
[-0.8534872203030764 -0.0057959452245675966 -0.5210815404505149 0.0 -0.042418786460274964 0.9973925518386731 0.05838445077224985 0.0 0.5193844542673236 0.07193402919129085 -0.8515076535825976 0.0 1.7633557568774196 0.1 -2.427050983124842 1.0]
[-0.9279282334206035 0.002969101334047826 -0.3727470698183773 0.0 -0.013527908766510475 0.9990413174272309 0.04163462210309806 0.0 0.3725133411105206 0.043676429690749315 -0.9269984790624772 0.0 0.9270509831248426 0.1 -2.8531695488854605 1.0]
[-0.9989505030980076 0.0034573960069900806 -0.04567207870338756 0.0 -9.244179654142121e-18 0.9971469786402622 0.07548445527786689 0.0 0.0458027549415707 0.07540523457590419 -0.9961004759753482 0.0 3.6739403974420594e-16 0.1 -3.0 1.0]
[-0.9406559505238825 -0.0019449067384155732 0.3393561552142379 0.0 0.018707216892083243 0.998165903885613 0.057574893455131435 0.0 -0.3388457212068106 0.06050657532860414 -0.9388943133078613 0.0 -0.9270509831248419 0.1 -2.853169548885461 1.0]
[0.9408807436814497 5.233818633029698e-06 -0.338737990396121 0.0 0.0815347991892897 0.9705933350574708 0.2264865643974279 0.0 0.32877801668301493 -0.2407157811686586 0.9132121537942365 0.0 1.6897353919008622 -0.8225809443432844 4.035342726384169 1.0]
[0.940883542613036 0.00031711934803159084 -0.3387300449834929 0.0 0.1597852268376274 0.8807231494999945 0.4446632417089601 0.0 0.2984645638250487 -0.47250038329993715 0.8286086474336202 0.0 1.4359543647440713 -0.5631910852929736 3.3304388173404065 1.0]
[0.9408814476856266 4.551801075833227e-05 -0.33873603138373315 0.0 0.1798493683982607 0.8473368717395667 0.4996679217541502 0.0 0.2870462309988173 -0.5310497388854304 0.7972353717081329 0.0 1.274380265472931 -0.2755013989347248 2.881649499040798 1.0]
[0.9408808236698887 3.6516738929825517e-06 -0.3387377682434284 0.0 0.18137713537837938 0.8445614799483999 0.5038037347800997 0.0 0.28608671032862776 -0.5354585589963556 0.7946310386598079 0.0 1.1141246625471823 0.023575523732032522 2.4365224451679337 1.0]
[0.940880774795097 4.894117839382011e-07 -0.33873790402122916 0.0 0.18148778886266284 0.8443591498604885 0.5041029734671293 0.0 0.2860166953741579 -0.5357775894570511 0.7944412023055281 0.0 0.9882715629199325 0.25927496316915194 2.086952018704897 1.0]
[0.9408807684283247 7.859049617266546e-08 -0.33873792170602646 0.0 0.18150211896697763 0.8443329342399204 0.5041417230806573 0.0 0.2860076229930097 -0.5358189023730224 0.7944166057127012 0.0 0.8738803919706059 0.4735738457615338 1.7692183233823535 1.0]
[0.9365761399028899 5.9198867719557175e-05 -0.35036090912590667 0.0 0.18235518340283163 0.8535537908215152 0.4878718429618249 0.0 0.2991317676175683 -0.5208564941162039 0.7993879355546757 0.0 0.7581165545189702 0.6865262302821903 1.4509671094398484 1.0]
[0.911529679340949 0.0010360446933585536 -0.41114064301956804 0.0 0.16235314405576387 0.9168989756306445 0.36293548303356743 0.0 0.37746700862371074 -0.3976082697591504 0.8355606764826033 0.0 0.5646023464898303 0.8825775537911413 1.13217290093027 1.0]
[0.9260672005880508 -0.00032522573665109093 -0.3761211980160341 0.0 0.08908180962597351 0.9718891458904293 0.21690344712912735 0.0 0.36535051164113785 -0.23457930931471482 0.9001122863382935 0.0 0.18943698706162265 0.918443813116944 1.267269666107394 1.0]
[0.9895730372272754 -0.0005408602132571088 -0.13017983230069172 0.0 0.026517416824884572 0.9799328965995482 0.1971599214935235 0.0 0.12745160256258842 -0.19932527616547044 0.9697332501661252 0.0 -0.14541345103212278 0.8531678248369114 1.718159790702789 1.0]
[0.9870942895200503 -0.00010476449693108897 0.15262027633596173 0.0 -0.030092574765581595 0.9802283647663066 0.19533020988328134 0.0 -0.14962419175236646 -0.19786946734510033 0.967574929537417 0.0 -0.5951918040074383 0.7693320229425793 2.120813463037967 1.0]
[0.9581932305636768 -0.00024981759240334925 0.2837484813670822 0.0 -0.05230246420650218 0.9825172073561832 0.17840266843685687 0.0 -0.2788785416366816 -0.1860320679895407 0.9414137146833327 0.0 -0.976716520838709 0.707683749554511 2.349292467955105 1.0]
[0.9086269545004505 -0.0005009278491781777 0.4161963075247894 0.0 -0.06367664757216714 0.9879217215279766 0.14090585781756726 0.0 -0.41128113691336826 -0.1547136819483666 0.8976013195253483 0.0 -1.4891644679569345 0.6400625973098106 2.5727195108768814 1.0]
[0.8728019944510605 -0.00015771765314797 0.48805286172658563 0.0 -0.06714040848181793 0.9904518755549814 0.12039860730565174 0.0 -0.4834124745377146 -0.13785541913409557 0.8644574936734759 0.0 -1.971228147451681 0.5715951431547986 2.8611229277430446 1.0]
[0.8734684436931939 -1.786201563930785e-05 0.4867696980471703 0.0 -0.0652020418743699 0.9909871359982707 0.11698689524986501 0.0 -0.4823818124265637 -0.13393691577175293 0.8655963330842095 0.0 -1.9260151084336838 0.5170864327997902 3.3447307306345944 1.0]
[0.9269019758782818 0.0001067691304192132 0.3737522900597643 0.0 -0.046606673030027426 0.9922386280456479 0.1151998086956721 0.0 -0.3708347715650119 -0.12434322465141334 0.919714753705322 0.0 -1.7217337922027665 0.45529390512498924 3.97198917426752 1.0]
[0.9669372393136498 3.6468310847593756e-05 0.254462563140647 0.0 -0.03113145158862047 0.9925060579603147 0.11814516300477262 0.0 -0.2525510401021046 -0.12219534053280515 0.9596923086314705 0.0 -1.4362380904565089 0.4012413934547569 4.518053484434768 1.0]
[0.9848957385221463 8.017058081602986e-05 0.17219708872385295 0.0 -0.019751628627392173 0.9935032902796331 0.1119142072199315 0.0 -0.17105815933075852 -0.11366133279930699 0.9785005921440105 0.0 -1.0984218436522721 0.3484165150525639 5.036534104250706 1.0]
[0.9952881126848117 9.357446698629739e-05 0.09622802095213587 0.0 -0.010022011012460467 0.9946731786586182 0.10257882744049107 0.0 -0.09570469650500853 -0.10307487675590063 0.9899874792086053 0.0 -0.7532042860062742 0.30588860637298837 5.481655855045649 1.0]
[0.9985302862254221 2.2056160234673325e-05 0.05269593849101496 0.0 -0.005366032454598071 0.9948478003382982 0.10122928932924427 0.0 -0.05242201842229865 -0.10137964483327183 0.9933857977108789 0.0 -0.38365436232102507 0.2651254123050375 5.907603575166523 1.0]
[0.9986454136104429 0.0003602204965794588 -0.04316972513382769 0.0 0.0023142108565882297 0.9974282891509969 0.07045525414484907 0.0 0.043108102288303085 -0.07051419502812972 0.9960749903418645 0.0 0.04637828570593106 0.23269545674615166 6.241939684929223 1.0]
[0.9872690727587153 0.0005248106522725598 -0.15864145526103537 0.0 0.0011783289881231052 0.9999265261599956 0.010999595299835548 0.0 0.15863710377992923 -0.011050073743811702 0.9871957278899296 0.0 0.5210827713336909 0.22708097896458482 6.24618858418735 1.0]
[0.9823036298656236 7.775068065059316e-05 -0.18718804860148083 0.0 0.00015052085285293456 0.999999087133525 0.0012239099858982728 0.0 0.18718799452223772 -0.001230677460744063 0.9823027186024142 0.0 0.9932878895901965 0.22645584912614974 6.168497146707027 1.0]
[0.9709897986941384 1.205841615418195e-05 -0.23871149796355845 0.0 2.0166384476141475e-05 0.9999999886274368 0.00013613777240524454 0.0 0.23871149728920604 -0.00013709402152593776 0.970989787341586 0.0 1.462163059164618 0.22638626922070645 6.067317533302736 1.0]
[0.9404612308161324 -0.0005500747469374585 -0.33886826416535365 0.0 0.01683275233622009 0.9987136493464888 0.04355791560172463 0.0 0.3383814964525651 -0.04670711908982786 0.9392707605591495 0.0 1.9213272979943108 0.22637852617598964 5.929582846112645 1.0]
[0.8992393409678836 -0.0006978237744933578 -0.4373056701265734 0.0 0.055814971950888234 0.9919779723624498 0.11291212904645093 0.0 0.4337067562484711 -0.12595749652423388 0.8920701411568952 0.0 2.3609518195597645 0.22637766431870665 5.739089771250953 1.0]
[0.8828451214264168 -0.00013592381537940617 -0.4696415913461192 0.0 0.08322313918315273 0.9842084137994527 0.15609897934001146 0.0 0.46219960547445516 -0.17689986628028284 0.868917208802137 0.0 2.750646296311624 0.2668641924684987 5.280164934848218 1.0]
[0.8418743844313259 -7.389864887056525e-05 -0.5393031226230958 0.0 0.10213519500514193 0.9819290435873764 0.15927672990384859 0.0 0.529543325215965 -0.18924804982937712 0.8266698400346475 0.0 2.940567627105985 0.35187047171591385 4.656597080915374 1.0]
[0.8072424395363008 -1.4590246787212748e-05 -0.5901843672068046 0.0 0.11252106031319922 0.9816612274065962 0.1538789271737736 0.0 0.5793587806833066 -0.19063374790743934 0.7924402979858217 0.0 3.065523848902406 0.44272187187412126 3.998740740617682 1.0]
[0.7669525531117256 -3.178287169910955e-06 -0.6413574594253065 0.0 0.12236436053596098 0.9816317329236539 0.14632132893782723 0.0 0.6295763289777679 -0.1907855545157101 0.752865378006186 0.0 3.1481772445377922 0.5265973430838565 3.3884016000358144 1.0]
[0.6669133162679035 0.0013730197635184798 -0.7445284130851538 0.0 0.07927633932564847 0.9937892279668386 0.07385798226607851 0.0 0.7400595131437124 -0.1083764605065424 0.6626020996907346 0.0 3.354275884225346 0.5595338568571541 2.952691662505314 1.0]
[0.5946680471845393 0.0008231225793496217 -0.8038619450462201 0.0 0.006119620915474766 0.9998050317091768 0.0058447909051719624 0.0 0.8037129241727778 -0.008398605930748006 0.5945432259353902 0.0 3.8808993468264776 0.5589256079224003 2.7403101428041086 1.0]
[0.5406541619906622 0.0005035856094970304 -0.8411590585220532 0.0 -0.06297788140060885 0.9971834329766821 -0.03975659160517502 0.0 0.8387661393179093 0.0744781201517766 0.5391686846038567 0.0 4.530803233467476 0.581052822453885 2.6010888279073985 1.0]
[0.4986832661778691 2.3287314601384202e-05 -0.8665955781774224 0.0 -0.0698822968274504 0.9966901555793087 -0.04038749939072082 0.0 0.8637323744464305 0.0807237068293452 0.4970234168237428 0.0 5.186828714461221 0.6222575622240998 2.4387075958835824 1.0]
[0.32473947877503107 -0.001349033249830064 -0.9451299190762719 0.0 0.005730028545289717 0.9998750428331512 -1.4372882803128902e-05 0.0 0.9450115449011478 -0.005413068867946696 0.3247074580499558 0.0 5.872441133857591 0.6415922018771898 2.182636387767367 1.0]
[0.26759454061408594 0.00016196644947224007 -0.9633994525077564 0.0 0.16499635219328931 0.9850897409210364 0.046245820837891 0.0 0.9490547049505756 -0.1713792141642842 0.2635354716293444 0.0 6.848509675770262 0.5742290366510282 1.6209131537764236 1.0]
[0.35827537098834633 0.00016434111682470204 -0.933506580509942 0.0 0.17357833051943317 0.9825058883856832 0.06663727979911403 0.0 0.9171771878653592 -0.1859456949723124 0.3520023280841075 0.0 7.347678946706408 0.49903131411739343 1.367631349957917 1.0]
[0.3322814530368316 0.00030775884051644013 -0.9430237348640664 0.0 0.08452359862892347 0.9959034840078127 0.030300475383495583 0.0 0.9391752819820947 -0.0898022575880104 0.3308790104916893 0.0 7.962648574356117 0.4373377774171574 1.0890717067455888 1.0]
[0.22756735364243966 4.260460849700179e-05 -0.9737332002798522 0.0 0.0736263189879693 0.9971237037518127 0.017210916402480226 0.0 0.970932490163091 -0.07561368054687798 0.2269127915375204 0.0 8.69864264539006 0.3945219251957055 0.6717433471917504 1.0]
