[-0.9135454741445548 5.778806182026109e-17 0.4067366060118035 0.0 0.1770244226466087 0.9003187684818287 0.39760340655733595 0.0 -0.36619260022102573 0.43523110541339216 -0.8224821362339738 0.0 -0.1696562638380974 1.1932130295390926 -0.2926852211223029 1.0]
[-0.2621892050435405 5.7797326243121686e-18 -0.9650164872988628 0.0 -0.08075049963775552 0.9964928591450445 0.021939427549215493 0.0 0.9616320385505513 0.0836778445762941 -0.26126967057080397 0.0 0.18115416392185818 1.1024506116233228 -0.11729949900710629 1.0]
[0.40034901673228573 8.667688149253255e-18 0.9163627364758413 0.0 0.04156895255584452 0.9989705697600405 -0.018161027964019742 0.0 -0.9154194049641411 0.04536298880475095 0.3999368853479235 0.0 -0.2813158735842948 0.931979019028644 -0.02159834018520836 1.0]
[0.9816271829017943 2.8890308597374057e-18 -0.19080899818480113 0.0 -0.016630100206911323 0.9961946979784108 -0.08555444749871988 0.0 0.19008291231827107 0.08715574404308146 0.9778917949982511 0.0 -0.009411476488667607 0.9152614894832558 0.22266886170587216 1.0]
[0.9854078980496723 1.4447801276647198e-18 -0.17020950167756965 0.0 -0.014834735761910713 0.9961946979784106 -0.08588395854044818 0.0 0.1695618031167423 0.0871557440430815 0.9816581233831339 0.0 -0.04355011436837479 0.7887477313952216 0.15900074665379293 1.0]
[-0.08019894885264148 -1.3868976018185052e-16 -0.9967788764831101 0.0 -0.47409217122149083 0.8796485693536031 0.03814456213737209 0.0 0.8768151126602598 0.4756242155674574 -0.07054689062188899 0.0 0.36368015886302746 0.8003976697380033 -0.06378781152060524 1.0]
[0.9902680814823294 -7.2225564698282005e-19 0.13917301030482374 0.0 -0.0024289039771292213 0.9998476951518525 0.017282561297398254 0.0 -0.13915181358062303 -0.01745240669731376 0.9901172588525537 0.0 -0.025789858372554382 0.5920032651719268 0.17218985976727297 1.0]
[-0.9033353502695034 0.0 -0.4289350125059431 0.0 0.004491714917790747 0.999945169363878 -0.009459532913548386 0.0 0.4289114937263524 -0.010471784272281836 -0.9032858198176168 0.0 0.09086523952841837 0.5981493644108037 -0.4059068069996239 1.0]
[0.8231364165900242 1.878461492967289e-17 0.5678436753925628 0.0 0.029718642190615065 0.9986295347137402 -0.043079632121978906 0.0 -0.5670654653474151 0.052335957022097555 0.8220083367052312 0.0 -0.3018665514919767 0.5255469979250974 0.1130115254936973 1.0]
[-0.9802712017947125 1.4437130646745264e-18 -0.1976572056160624 0.0 0.008277024822724577 0.9991228300727204 -0.04104949801838913 0.0 0.19748382665938585 -0.0418756543528305 -0.97941133737592 0.0 -0.022529146856855503 0.4138072437291339 -0.46176305726793787 1.0]
[-0.1495354613727677 3.3230703942452105e-17 -0.9887563632119056 0.0 0.024157471975465476 0.9997014897722873 -0.0036534770868288276 0.0 0.9884612093247709 -0.024432178516648556 -0.1494908235081422 0.0 0.4351133280980765 0.3888892525554559 -0.088079319723742 1.0]
[0.9531906947188155 0.0 0.3023698058693396 0.0 -0.015824813164757735 0.9986295347137402 0.04988614723266722 0.0 -0.30195541854678254 -0.05233595702209754 0.9518843799605173 0.0 -0.11865762034677224 0.3573476965882708 0.1961238521382957 1.0]
[-0.13917303348372065 -5.779947691271432e-18 0.9902680782247499 0.0 -0.044921519746211565 0.9989705697600405 -0.006313304759845235 0.0 -0.9892486663193588 -0.045362988804750946 -0.13902976455446567 0.0 -0.5665389587833407 0.36209257993823635 -0.2280636960557073 1.0]
[-0.9727758882506575 1.8049049946634093e-19 -0.2317478613453518 0.0 -0.000808951012234486 0.9999939076576088 0.0033956215816161807 0.0 0.23174644945803208 0.003490651467238282 -0.9727699617668765 0.0 -0.023022036853323533 0.2232268675068329 -0.3886408825562536 1.0]
[-0.7965298838805072 7.226485577737827e-18 0.6045991598450214 0.0 -0.02110020669963496 0.9993908270009428 -0.02779849246999138 0.0 -0.6042308543615912 -0.034899497222330975 -0.796044659382305 0.0 -0.4365802787329548 0.18147809905421697 -0.4333164498420487 1.0]
[0.9865721764993629 -9.03044448457563e-19 0.16332587228394102 0.0 -0.0022803853168547727 0.9999025240063992 0.01377469885111283 0.0 -0.1633099519322594 -0.013962180547184455 0.9864760093961996 0.0 -0.013477613165446484 0.1577477242715906 0.26999757058574325 1.0]
[0.0697565448309023 1.7344607634142603e-17 0.9975640452889502 0.0 0.07653214518700106 0.9970527521391286 -0.005351654404500743 0.0 -0.99462397679039 0.07671902926777308 0.06955095500336765 0.0 -0.5843820890606727 0.06538550657377169 -0.09292571587986988 1.0]
[0.25881893582507876 8.660020184974889e-18 -0.965925855569864 0.0 -0.05055265406363716 0.9986295347137402 -0.013545536701846321 0.0 0.9646020877157048 0.0523359570220975 0.25846423345810376 0.0 0.6221598478642285 0.09743762276785445 0.08148431221738356 1.0]
[-0.8309845425104294 -2.88722760600204e-17 -0.5562955061015074 0.0 -0.06586759645038281 0.992965507897139 0.09839186889385984 0.0 0.5523822497569792 0.11840397006256584 -0.8251389883085402 0.0 0.37175125199074205 0.10085311940903484 -0.2710090312857224 1.0]
[-0.9602937236830366 5.777863196127799e-18 -0.2789909752213647 0.0 -0.017517988538834045 0.9980267283694828 0.0602973427081145 0.0 0.27844045024479 0.06279052046373346 -0.9583988033211291 0.0 0.09778085452576185 -0.06855849662158241 -0.5106315407173125 1.0]
[-0.9955619776874889 0.0 -0.09410817489982472 0.0 -0.012446407690313663 0.9912155399901283 0.13166943539669604 0.0 0.0932814854008152 0.1322563922163243 -0.9868165033071444 0.0 0.3236970132729961 -0.10030287869550322 -0.26049039519419726 1.0]
[0.7901548915813031 0.0 -0.6129072093801304 0.0 -0.07681764356512626 0.9921147010797869 -0.09903266904646277 0.0 0.6080742528238146 0.12533323542207395 0.7839242840679159 0.0 0.4157984264916148 -0.19261011272985606 0.20093125706399934 1.0]
[0.4756243596950766 -2.3136069679540773e-17 0.8796484914240735 0.0 0.05523358660165554 0.9980267283694828 -0.02986470109048379 0.0 -0.8779127060111193 0.06279052046373342 0.47468582363930734 0.0 -0.24029275990755086 -0.1851579025457949 0.25115310908076005 1.0]
[0.9802712110477131 1.0099129989540558e-17 0.19765715972625436 0.0 0.024773011332829095 0.9921147010797869 -0.12286056247172453 0.0 -0.19609857393809255 0.12533323542207392 0.9725414795257226 0.0 0.019853178093455808 -0.25393110632500215 0.4691665077708904 1.0]
[0.46329618668271205 1.4459299087161685e-18 0.8862034999960549 0.0 0.027836325047227245 0.9995065603510271 -0.014552485118483805 0.0 -0.8857662120520982 0.0314107595460311 0.4630675779749849 0.0 -0.28952036328285463 -0.24963030717446744 0.14613836984436884 1.0]