[-0.25881904510252074 0.9659258262890683 7.706307593869398e-17 0.0 0.022999035351527218 0.00616257294913664 -0.9997164933457614 0.0 -0.9656519798898144 -0.2587456681809905 -0.023810353471845593 0.0 -4.0 -1.2171863094445692 -0.018946264781618732 1.0]
[-0.25488700224417876 0.9659258262890683 0.04494345552754786 0.0 -0.18920196261161293 -0.004238251503651014 -0.9819290476241681 0.0 -0.9482801450156435 -0.25878434135776546 0.18383533729165813 0.0 -3.9420399977586866 -1.2183631568642044 0.6786621610798582 1.0]
[-0.2432103468016939 0.9659258262890683 0.08852132690137694 0.0 -0.3888994804611352 -0.013500196915459223 -0.9211812735723099 0.0 -0.8885977274929635 -0.25846671505442337 0.3789314395815114 0.0 -3.7651974542236726 -1.2217449279513146 1.3504226153847791 1.0]
[-0.22414386804201333 0.9659258262890683 0.12940952255126045 0.0 -0.46699632863582446 0.01009368298730746 -0.88420164363363 0.0 -0.8553794219291375 -0.2586221484551012 0.4488213774639551 0.0 -3.473732696396366 -1.2172491364461138 1.9833184779282604 1.0]
[-0.19826689127414612 0.9659258262890683 0.16636567534280197 0.0 -0.6131439939659381 0.010194353476517912 -0.7899053853599767 0.0 -0.7646860025448246 -0.2586181997945552 0.5902304162333895 0.0 -3.068515756185724 -1.2206855496564362 2.565980631075374 1.0]
[-0.16636567534280183 0.9659258262890683 0.19826689127414618 0.0 -0.742537868694803 0.009580006749439032 -0.6697355724648797 0.0 -0.6488142843849177 -0.2586416856936665 0.7156427200772922 0.0 -2.5583183720510436 -1.2222809568175652 3.0749451549070237 1.0]
[-0.1294095225512603 0.9659258262890683 0.22414386804201342 0.0 -0.8495981337960108 0.008550041387470762 -0.5273612688116264 0.0 -0.5113083086782287 -0.2586777819992533 0.8195423226268159 0.0 -2.0136329985335517 -1.2223865663639075 3.456230599764547 1.0]
[-0.0885213269013768 0.9659258262890683 0.24321034680169398 0.0 -0.9214834196045338 0.013293900605266518 -0.38819013331179847 0.0 -0.37819608945301664 -0.2584774077448123 0.8889078397719123 0.0 -1.3617895331569996 -1.2225262084233737 3.761060234499233 1.0]
[-0.044943455527547714 0.9659258262890683 0.25488700224417876 0.0 -0.9914994889272647 -0.01194498624332173 -0.12956110821006336 0.0 -0.12210179876732463 -0.25854325636424463 0.958251812065261 0.0 -0.6760107776513605 -1.217037943680763 3.942507508193334 1.0]
[6.121655226199542e-17 0.9659258262890683 0.25881904510252074 0.0 -0.9997421673680407 -0.005876952407387939 0.021933084978036258 0.0 0.022706800440671127 -0.25875231310692076 0.9656767790909987 0.0 0.0006574246380819555 -1.21822316013208 4.0 1.0]
[0.04494345552754784 0.9659258262890683 0.25488700224417876 0.0 -0.9846910942195759 -0.0001796452197652363 0.17430839535790899 0.0 0.1684147700467433 -0.2588189827570143 0.9511304849465854 0.0 0.7104143328085872 -1.2153033668650532 3.936441233186823 1.0]
[0.08852132690137691 0.9659258262890683 0.24321034680169393 0.0 -0.9387234857265063 -0.0007561089988334452 0.344670343436536 0.0 0.33310987981309925 -0.258817940658994 0.9066703268354711 0.0 1.371103110886945 -1.222004347880186 3.7576703694310085 1.0]
[0.1294095225512604 0.9659258262890683 0.22414386804201336 0.0 -0.870007474983908 0.0021499985891549173 0.4930338436438126 0.0 0.47575221381006694 -0.2588101149759168 0.8406409194424056 0.0 2.010523525045193 -1.2175991497099405 3.4580258551200886 1.0]
[0.16636567534280194 0.9659258262890683 0.19826689127414612 0.0 -0.7854727243207102 0.008261496415430426 0.6188411322990571 0.0 0.5961166508460696 -0.25868715813653853 0.7600828196975029 0.0 2.556561768358675 -1.2181692940769142 3.0764191204174147 1.0]
[0.19826689127414618 0.9659258262890683 0.16636567534280186 0.0 -0.6301501138037153 -0.004388062851341372 0.7764609320355902 0.0 0.7507336903973677 -0.25878184444082114 0.6078082617817531 0.0 3.0716193929443767 -1.2231204483364888 2.562281860818142 1.0]
[0.2241438680420134 0.9659258262890683 0.12940952255126034 0.0 -0.5017173385538976 0.0005316728041747138 0.865031461577221 0.0 0.8354874257662759 -0.2588184990139035 0.4847409060050862 0.0 3.467464519210399 -1.2194717379334064 1.9941752792851992 1.0]
[0.24321034680169396 0.9659258262890683 0.08852132690137683 0.0 -0.3371298199143499 -0.0013930414541186273 0.9414571386738884 0.0 0.9095010784672648 -0.2588152961926473 0.3253035977722879 0.0 3.75366269690657 -1.2245365920195264 1.382114100652408 1.0]
[0.25488700224417876 0.9659258262890683 0.044943455527547735 0.0 -0.15264026516798404 -0.005704413536021013 0.9882653535947 0.0 0.9548474043198858 -0.25875617436882686 0.14598519339160998 0.0 3.938897819165016 -1.2150271641481514 0.6964823414121343 1.0]
[0.25881904510252074 0.9659258262890683 -4.5375093952802906e-17 0.0 0.01669815703514534 -0.004474257692655217 0.9998505651194729 0.0 0.9657814832786188 -0.2587803685094377 -0.01728720423523301 0.0 4.0 -1.2249617698144615 0.0012786065909823605 1.0]
[-0.25488700224417876 0.9659258262890683 -0.04494345552754771 0.0 0.13146728284823234 -0.01143059374587123 -0.9912546065805291 0.0 -0.9579921553058139 -0.25856650911206097 -0.12407413404140132 0.0 -3.9391294348322496 -1.2199470326656647 -0.6951687836894114 1.0]
[-0.18154206429924044 0.9832549075639546 0.015882872579277965 0.0 -0.09401238538928042 -0.0012760553892653943 -0.9955702100183899 0.0 -0.9788790273999071 -0.18223105781957877 0.09266979703533121 0.0 -3.9836104831261263 -0.896969783731683 0.36197680671941423 1.0]
[-0.1760260005402251 0.9832549075639546 0.04716602469163374 0.0 -0.3051144271955637 -0.008942856136170784 -0.9522737062637248 0.0 -0.9359059960545908 -0.18201596654010022 0.3015794331076597 0.0 -3.860115865669896 -0.8955091987800642 1.0486646868423213 1.0]
[-0.16516147582824917 0.9832549075639546 0.07701606101089434 0.0 -0.3790491713990293 0.008808810146074887 -0.925334604629871 0.0 -0.9105182110007158 -0.18202250304621553 0.3712470819021296 0.0 -3.6262130664507572 -0.900243604838763 1.6883673163641568 1.0]
[-0.14927860324897124 0.9832549075639546 0.10452600328834623 0.0 -0.5873405693940265 -0.0031334193720436816 -0.8093338231082029 0.0 -0.7954539296250519 -0.18220858496360162 0.577973249735336 0.0 -3.2663814163787084 -0.9028442926021278 2.3089110734236553 1.0]
[-0.12885997584859135 0.9832549075639546 0.1288599758485915 0.0 -0.7159523061038983 -0.0023336891991186277 -0.6981452923849247 0.0 -0.6861540657963127 -0.18222058238882086 0.7042643376922251 0.0 -2.8413449999425713 -0.9035011300561171 2.815509249549809 1.0]
[-0.1045260032883461 0.9832549075639546 0.1492786032489713 0.0 -0.8411680184133842 -0.007328086749804068 -0.5407242032155467 0.0 -0.5305757998957973 -0.18208812672985153 0.8278485578105143 0.0 -2.2790970031938573 -0.8952334070345636 3.2872574530983263 1.0]
[-0.07701606101089423 0.9832549075639546 0.16516147582824922 0.0 -0.9075088707752057 -0.0005284055594124365 -0.42003258236936286 0.0 -0.41291182570940865 -0.1822347594147832 0.892353246562346 0.0 -1.6956904084563906 -0.8964666908393625 3.6227982525267746 1.0]
[-0.047166024691633626 0.9832549075639546 0.17602600054022516 0.0 -0.9575172831871258 0.005684697248359372 -0.2883198512332096 0.0 -0.28449256319407334 -0.1821468390299256 0.9412154432002657 0.0 -1.0391072704679547 -0.8972537381160888 3.862676767669136 1.0]
[-0.015882872579277844 0.9832549075639546 0.18154206429924044 0.0 -0.9934479259664486 0.005033001995793843 -0.11417481019853727 0.0 -0.11317664401983343 -0.18216601121589468 0.9767326100863525 0.0 -0.3593164017649638 -0.8975440182122415 3.983843238400029 1.0]
[0.01588287257927797 0.9832549075639546 0.18154206429924044 0.0 -0.9982790887175028 0.005343346938233478 0.05839785674876939 0.0 0.056449937006010364 -0.18215717223018368 0.9816476807985239 0.0 0.35325691481275795 -0.9035061143128944 3.98437337481513 1.0]
[0.047166024691633744 0.9832549075639546 0.1760260005402251 0.0 -0.9638290671839149 -0.001478707462750248 0.26651705888296195 0.0 0.26231449705682075 -0.18222952608081583 0.9476199156086731 0.0 1.0434540789695723 -0.8958420020796742 3.8615120438414743 1.0]
[0.07701606101089434 0.9832549075639546 0.16516147582824917 0.0 -0.9078304854630503 0.0006704687248460495 0.4193368098982146 0.0 0.4122042406505404 -0.182234292116188 0.8926804169279302 0.0 1.7068081346429327 -0.9031817060772939 3.6176139716647193 1.0]
[0.10452600328834621 0.9832549075639546 0.14927860324897124 0.0 -0.8050190762732483 -0.0044865392208080935 0.5932319595250968 0.0 0.5839679798351367 -0.18218028904691988 0.7910699974149253 0.0 2.306358324012143 -0.9015122533344286 3.2681688707598093 1.0]
[0.12885997584859146 0.9832549075639546 0.1288599758485914 0.0 -0.7332938479298425 0.007000673419478058 0.6798758145131497 0.0 0.6675891245463375 -0.18210100857236608 0.7219168812712317 0.0 2.8365608043034394 -0.8983295002475365 2.8202934451889408 1.0]
[0.1492786032489713 0.9832549075639546 0.10452600328834612 0.0 -0.5583643120472092 -0.0034190104602412337 0.8295888170651289 0.0 0.8160546511380737 -0.1822034497995905 0.5485040649229913 0.0 3.2744267764285286 -0.8999237192993517 2.297421108504982 1.0]
[0.16516147582824922 0.9832549075639546 0.07701606101089423 0.0 -0.4041120203332938 -0.0037660509967074496 0.914701750234487 0.0 0.8996750312887306 -0.18219660702463514 0.39672312065763515 0.0 3.617423677366448 -0.8968150718885847 1.7072162220825091 1.0]
[0.17602600054022516 0.9832549075639546 0.04716602469163362 0.0 -0.2602963484306156 0.00028352077883635494 0.9655287311155767 0.0 0.9493474907153334 -0.18223530494217385 0.2559875690441485 0.0 3.8683510846667426 -0.9037845252835598 1.0179304311346329 1.0]
[0.18154206429924044 0.9832549075639546 0.01588287257927784 0.0 -0.12696278977780107 0.007419426536351432 0.9918797316820772 0.0 0.9751527720833328 -0.1820844278384915 0.12618372413635937 0.0 3.9849817631335815 -0.8971855153295407 0.34630300451247115 1.0]
[0.18154206429924044 0.9832549075639545 -0.015882872579277982 0.0 0.11121070479281754 -0.004480254865064818 0.9937867509963236 0.0 0.9770745406720285 -0.18218044370278383 -0.11016182597797462 0.0 3.9856286106139653 -0.9022136339751782 -0.33890950397977615 1.0]
[-0.18154206429924044 0.9832549075639545 -0.015882872579277858 0.0 0.041266979988681556 -0.00851973694925396 -0.9991118308002009 0.0 -0.982516928735879 -0.18203626241415372 -0.03902926996116058 0.0 -3.983325743157163 -0.9008740800847538 -0.365231399457352 1.0]
[-0.10294044103643693 0.9945218953682733 0.01815117716075276 0.0 -0.13432165690825543 0.004182307595132655 -0.9909289584973286 0.0 -0.9855764597861724 -0.10444476021455971 0.13315530022901212 0.0 -3.94265248372339 -0.5794131680473148 0.6751885805634646 1.0]
[-0.09822462559470481 0.9945218953682733 0.03575083998841481 0.0 -0.3759610665689384 -0.003821857236468091 -0.9266275788209685 0.0 -0.921414781383024 -0.10445857092819735 0.3742769130049467 0.0 -3.7560574211346838 -0.5833168642865814 1.3755346499098438 1.0]
[-0.09052430460833642 0.9945218953682733 0.052264231633826805 0.0 -0.5037922676620546 -0.00046083418623320044 -0.8638247152494408 0.0 -0.8590685079311788 -0.10452744742387035 0.5010741576013956 0.0 -3.459728443173728 -0.5814947952669431 2.00757455603193 1.0]
[-0.08007344843395212 0.9945218953682733 0.06718960104802225 0.0 -0.6467972909769066 -0.0005513705938698689 -0.7626617601370892 0.0 -0.7584467728462096 -0.10452700906256429 0.643298217886234 0.0 -3.06772750340544 -0.5800415936904219 2.5669200341581497 1.0]
[-0.06718960104802216 0.9945218953682733 0.0800734484339522 0.0 -0.7704500588247875 -0.0007233756015169084 -0.6374999479095043 0.0 -0.6339497333132091 -0.10452596022441654 0.766278056107099 0.0 -2.583222532797386 -0.5781932107532407 3.0540480828099885 1.0]
[-0.05226423163382667 0.9945218953682733 0.09052430460833649 0.0 -0.8631884349270926 0.0005934212138275436 -0.5048815441857419 0.0 -0.5021694693027863 -0.10452677879070109 0.8584287836598897 0.0 -1.9827386503317508 -0.5767270371215774 3.4740674600152945 1.0]
[-0.03575083998841468 0.9945218953682733 0.09822462559470486 0.0 -0.9561036729392224 -0.0054335984045580515 -0.2929782288848547 0.0 -0.2908395503232858 -0.10438714308512885 0.9510602926872058 0.0 -1.3509557960977465 -0.580760668399321 3.765003392314668 1.0]
[-0.01815117716075263 0.9945218953682733 0.10294044103643696 0.0 -0.9890239709394848 -0.002759740266953957 -0.14772937670196742 0.0 -0.14663601083898797 -0.10449202585248375 0.9836560866778957 0.0 -0.6765324102173046 -0.5789852856129787 3.942415530297942 1.0]
[6.121143260814961e-17 0.9945218953682733 0.10452846326765347 0.0 -0.9996585570756792 0.002731313474646885 -0.025986711836518916 0.0 -0.02612985391025101 -0.1044927727634806 0.9941823229040176 0.0 -0.006311814545771441 -0.5771415347889224 4.0 1.0]
[0.01815117716075275 0.9945218953682733 0.10294044103643693 0.0 -0.9873387313083176 0.001601930991374653 0.1586179796731149 0.0 0.1575841503012304 -0.1045161875031617 0.981959063364478 0.0 0.7025479829703795 -0.5783328315970271 3.937828282902991 1.0]
[0.035750839988414794 0.9945218953682733 0.09822462559470482 0.0 -0.9384843782537289 -0.00036949389200877797 0.34532149549076124 0.0 0.3434660816060806 -0.10452781021030216 0.933330052917404 0.0 1.3545987967517827 -0.5779389045309588 3.7636774485131865 1.0]
[0.05226423163382678 0.9945218953682733 0.09052430460833644 0.0 -0.8493097449642176 -0.0034165067893297874 0.5278837794346158 0.0 0.5253012537587755 -0.10447261418408005 0.8444785762143425 0.0 2.0013568060222906 -0.5799269876556323 3.463318262815547 1.0]
[0.06718960104802224 0.9945218953682733 0.08007344843395212 0.0 -0.7473296169095413 -0.003008237816937628 0.6644466827331409 0.0 0.6610476542586365 -0.10448516707329289 0.7430335447749448 0.0 2.58253673883761 -0.5809131461703921 3.0546235322687 1.0]
[0.0800734484339522 0.9945218953682733 0.06718960104802217 0.0 -0.6638132596331783 0.0029191988721244634 0.7478926624945049 0.0 0.7435994884284616 -0.10448769262952536 0.6604105714613356 0.0 3.052387403088205 -0.5767429509009493 2.58520165382197 1.0]
[0.09052430460833648 0.9945218953682733 0.052264231633826694 0.0 -0.5163134601661004 0.001990872881271695 0.8563973652904822 0.0 0.8516018794756655 -0.10450950223911602 0.5136652633916823 0.0 3.472599231165431 -0.575425450682999 1.9852816972968532 1.0]
[0.09822462559470485 0.9945218953682733 0.0357508399884147 0.0 -0.30553019339700827 -0.004052623726328377 0.9521737641647765 0.0 0.9471025413594699 -0.10444987254195182 0.3034583995812329 0.0 3.7524453890413456 -0.5755537965627526 1.3854586265246358 1.0]
[0.10294044103643696 0.9945218953682733 0.01815117716075264 0.0 -0.20912096561095841 0.003798094027468639 0.9778824040873723 0.0 0.9724565220826913 -0.10445943765335752 0.20836635655493935 0.0 3.9392981128793694 -0.5824061440880639 0.6942121629474141 1.0]
[0.10452846326765347 0.9945218953682733 -5.4828275551672727e-17 0.0 -0.010696886476943973 0.0011242880728830078 0.9999421546249706 0.0 0.9944643668762607 -0.1045224167794945 0.010755807918118187 0.0 4.0 -0.5846709240686787 -0.013598184365282694 1.0]
[-0.10294044103643696 0.9945218953682733 -0.018151177160752627 0.0 0.19012368748909458 0.0017609894613459889 -0.9817585662328931 0.0 -0.9763484260522842 -0.10451362853338415 -0.18926344706787104 0.0 -3.9420902813405587 -0.5771199806661022 -0.6783769887161607 1.0]
[-0.10452846326765347 0.9945218953682733 6.757255403135518e-17 0.0 -0.04412864446291721 -0.004638107429585774 -0.9990150903251347 0.0 -0.9935423811316597 -0.10442551217288236 0.04437171737337798 0.0 -4.0 -0.5815986045931432 0.006621574030884576 1.0]
[-0.02528499042400859 0.9996573249755573 0.006775092764741835 0.0 -0.22112913353539718 0.0010164689099448 -0.975244006950486 0.0 -0.9749167018577238 -0.026157205769504106 0.22102765669750363 0.0 -3.8640975512894395 -0.25635691039677266 1.0338048338104182 1.0]
[-0.023724372092281266 0.9996573249755573 0.01106285639154955 0.0 -0.43668645154813784 -0.0004079546896709262 -0.8996136818697607 0.0 -0.8993008935851907 -0.02617376922959776 0.4365464884765343 0.0 -3.622226247731668 -0.25952796979700643 1.6969170766980608 1.0]
[-0.021442900719641524 0.9996573249755573 0.015014480724975481 0.0 -0.5873695595824268 -0.00044355870421065744 -0.8093187281483247 0.0 -0.8090347350297598 -0.026173190069018755 0.5871777938894976 0.0 -3.28089086048934 -0.26209461004281687 2.2881894397381206 1.0]
[-0.018509897659266784 0.9996573249755573 0.018509897659266875 0.0 -0.7022587558411008 0.00017892273151869166 -0.7119217708647245 0.0 -0.7116811248959414 -0.026176336821052883 0.7020147974633285 0.0 -2.8262056190939635 -0.2622874098683693 2.8306486303984166 1.0]
[-0.015014480724975379 0.9996573249755573 0.021442900719641597 0.0 -0.791825840044273 0.0012077206883887013 -0.6107457576184383 0.0 -0.6105623673358364 -0.02614907328093868 0.7915363678061844 0.0 -2.286643215082908 -0.25736603979811434 3.2819735386486855 1.0]
[-0.01106285639154944 0.9996573249755573 0.02372437209228132 0.0 -0.9136262450693085 -0.00046221507866993047 -0.40655488027789916 0.0 -0.40640459831184955 -0.02617286724709605 0.9133182815924851 0.0 -1.6767513763775328 -0.25976863837087455 3.631629668223189 1.0]
[-0.006775092764741716 0.9996573249755573 0.025284990424008617 0.0 -0.9683399358079039 -0.00024865578585722437 -0.24963514754506155 0.0 -0.24954331655561052 -0.02617576728604575 0.9680097945627478 0.0 -1.054119674319814 -0.262353692284823 3.85865420618058 1.0]
[-0.0022814713726396776 0.9996573249755573 0.02607733711652493 0.0 -0.9925609935668183 0.0009105979364410664 -0.12174499932666064 0.0 -0.12172702632540677 -0.026161105368680666 0.9922187902009629 0.0 -0.36837949283945637 -0.25679915445886964 3.983050320674508 1.0]
[0.0022814713726397994 0.9996573249755573 0.02607733711652492 0.0 -0.9974653578108547 0.0004203640609497508 0.07115253517141898 0.0 0.0711171909993609 -0.02617357286977315 0.9971245103935572 0.0 0.35413575795047714 -0.2630787209208696 3.9842964860035623 1.0]
[0.006775092764741835 0.9996573249755573 0.02528499042400859 0.0 -0.9759890500359502 0.0011052997467510188 0.2178167865945903 0.0 0.2177141987284077 -0.026153602718992565 0.9756620914726903 0.0 1.0304994452008234 -0.26151151258281535 3.8649832274980516 1.0]
[0.011062856391549553 0.9996573249755573 0.02372437209228127 0.0 -0.9215021239495053 0.0009808980282075119 0.38837208112274085 0.0 0.3882157245205435 -0.026158563832353675 0.9211971997206776 0.0 1.695434093720674 -0.2641304248911236 3.622917774050937 1.0]
[0.01501448072497548 0.9996573249755573 0.021442900719641524 0.0 -0.8379160008857202 0.0008776713019514084 0.545798502336501 0.0 0.5455926510027798 -0.026162230711443437 0.8376420457784817 0.0 2.3049008784108214 -0.2586442769941269 3.2691893851563854 1.0]
[0.018509897659266868 0.9996573249755573 0.018509897659266784 0.0 -0.6986125887983067 -0.0003126927373086987 0.7155000719746853 0.0 0.7152606758805989 -0.02617508062958159 0.698367403801798 0.0 2.818161648502324 -0.2620009110504669 2.838692600990056 1.0]
[0.021442900719641594 0.9996573249755573 0.01501448072497538 0.0 -0.5783415630473037 0.00015263903574700395 0.815794712628935 0.0 0.8155128683599845 -0.02617650328133667 0.5781466528617397 0.0 3.2823187726708385 -0.25640766606609505 2.286150169802311 1.0]
[0.023724372092281322 0.9996573249755573 0.011062856391549442 0.0 -0.4648543824386364 0.001233899798905832 0.8853862889264099 0.0 0.8850692387019339 -0.02614785103979529 0.4647243619497258 0.0 3.6227052700298628 -0.2610784964787481 1.6958898100645043 1.0]
[0.025284990424008617 0.9996573249755573 0.006775092764741715 0.0 -0.23079929579353609 -0.000756673924128201 0.9730010855624882 0.0 0.9726727889277388 -0.026166009770035772 0.230701074146283 0.0 3.8679230801861837 -0.2583584910543663 1.0195277656019461 1.0]
[0.026077337116524928 0.9996573249755573 0.0022814713726396763 0.0 -0.049368845428764484 -0.0009916200359534903 0.9987801228452311 0.0 0.9984401281949468 -0.026158159576265272 0.04932606914848141 0.0 3.9834064786364443 -0.2565156545163677 0.3643085887064776 1.0]
[0.02607733711652492 0.9996573249755571 -0.002281471372639801 0.0 0.05266486703805748 0.0009052550248921604 0.9986118326422954 0.0 0.9982716986215601 -0.026161290794855106 -0.052623213462997406 0.0 3.98466869210294 -0.2625636067105228 -0.34988142276718404 1.0]
[-0.026077337116524928 0.9996573249755571 -0.002281471372639679 0.0 0.07571818156417247 -0.00030049617947747024 -0.9971292126312723 0.0 -0.9967882069273925 -0.026175223490147746 -0.07568439869427974 0.0 -3.983177137167974 -0.2623040726074103 -0.36692997368628694 1.0]
[-0.02607733711652492 0.9996573249755573 0.0022814713726397986 0.0 -0.08359317776606667 9.363074105943109e-05 -0.996499960794909 0.0 -0.9961586987623418 -0.026176780856273976 0.08356209083143337 0.0 -3.9851491662932217 -0.2604837420154025 0.3443895776421363 1.0]
[0.049179711883268536 0.9986295347545738 -0.017899951255297523 0.0 -0.2995831018810143 -0.002347565170473437 -0.954067321526694 0.0 -0.952801826722865 0.05228327891050552 0.2990570810730583 0.0 -3.752818806314851 0.0624980891090534 1.384432670997646 1.0]
[0.045324267637740175 0.9986295347545738 -0.02616797812147187 0.0 -0.47743272099544004 -0.0013555149814617358 -0.8786672632470299 0.0 -0.8774985513868344 0.05231839920141254 0.4767169783204798 0.0 -3.466675911245006 0.058246001153336904 1.995541188348514 1.0]
[0.04009166845522515 0.9986295347545738 -0.033640904214061136 0.0 -0.664428278123743 0.0014985442822697138 -0.7473505319423758 0.0 -0.7462759016275377 0.052314497807944296 0.6635777814010264 0.0 -3.0557672467589345 0.06178718402902153 2.5811737129849712 1.0]
[0.033640904214061226 0.9986295347545738 -0.04009166845522508 0.0 -0.7886782280907016 0.0018859433411119795 -0.6148032984243212 0.0 -0.6138851212559002 0.05230196491124829 0.7876608168285706 0.0 -2.5737220617371017 0.060546978631957606 3.0620199245726836 1.0]
[0.026167978121471966 0.9986295347545738 -0.04532426763774012 0.0 -0.8765432433914837 0.0011233455841488217 -0.4813218056139122 0.0 -0.48061125599154697 0.05232389903822062 0.8753713670229714 0.0 -2.005818427408178 0.06304959518011334 3.460742344507383 1.0]
[0.017899951255297634 0.9986295347545738 -0.049179711883268494 0.0 -0.9361554041012408 -0.0005344986698418027 -0.3515860828918213 0.0 -0.3511305328750273 0.05233322679746844 0.9348628681554659 0.0 -1.3831803863784453 0.060902798534695865 3.7532746006410695 1.0]
[0.009088043428043464 0.9986295347545738 -0.05154085546935874 0.0 -0.9817562037752102 -0.0008790434935004825 -0.19014200911798618 0.0 -0.18992673275644428 0.052328573441284124 0.9804027522330107 0.0 -0.676644642566699 0.05950877995948617 3.9423957407066355 1.0]
[6.115196189755225e-17 0.9986295347545738 -0.052335956242943835 0.0 -0.9986873266664091 0.0026807167281801382 0.0511511223114836 0.0 0.051221319349476935 0.052267256228795744 0.9973186603941653 0.0 0.01685484529825627 0.06499754317347123 4.0 1.0]
[-0.009088043428043344 0.9986295347545738 -0.05154085546935877 0.0 -0.9767847162892831 0.0021665942496736056 0.2142123336622384 0.0 0.21403043122489585 0.05229109087808949 0.9754263766807131 0.0 0.708341481605681 0.05610187346567942 3.9368067327808896 1.0]
[-0.01789995125529752 0.9986295347545738 -0.049179711883268536 0.0 -0.9255091056562035 0.002061585394577734 0.37871974494752103 0.0 0.37830211087504184 0.05229533613549296 0.9242038253145046 0.0 1.3748241520714672 0.06402687858578124 3.7563160211993636 1.0]
[-0.026167978121471862 0.9986295347545738 -0.04532426763774018 0.0 -0.8503594656498883 0.0015996245098157484 0.5261997913160591 0.0 0.5255511545993127 0.05231150463608296 0.8491522186169205 0.0 1.9952492296921374 0.06387306235147237 3.4668444736538575 1.0]
[-0.03364090421406113 0.9986295347545738 -0.04009166845522515 0.0 -0.7728707373104959 -0.0005601389333646114 0.6345632432260047 0.0 0.6336711394507332 0.05233295864212782 0.7718303884060089 0.0 2.5661878957031683 0.06155125797486135 3.068341840512985 1.0]
[-0.04009166845522507 0.9986295347545738 -0.03364090421406123 0.0 -0.6740569209718863 -0.0021773152833895774 0.7386761987420856 0.0 0.7375906218291937 0.0522906455689739 0.6732204415907196 0.0 3.070151424463209 0.05895250371732474 2.564031317529389 1.0]
[-0.04532426763774011 0.9986295347545738 -0.026167978121471976 0.0 -0.5170287567339915 -0.0010364339374498847 0.8559674003808769 0.0 0.8547672054268375 0.052325692738430456 0.5163671624011715 0.0 3.463454753441403 0.06376695944209604 2.0011203973235516 1.0]
[-0.049179711883268494 0.9986295347545738 -0.017899951255297638 0.0 -0.3870221994621217 -0.0025321575704680896 0.9220669201861327 0.0 0.9207579340209783 0.05227466397693679 0.38661632976830906 0.0 3.7519713736381637 0.06057916896972867 1.3867609731413522 1.0]
[-0.05154085546935874 0.9986295347545738 -0.009088043428043468 0.0 -0.1811091406118099 -0.00039731078506225024 0.9834629232111355 0.0 0.9821115106770403 0.05233444811979396 0.18088141456672174 0.0 3.937963955402122 0.05591218072146123 0.701778545992633 1.0]
[-0.052335956242943835 0.9986295347545738 -6.443696082283878e-17 0.0 0.0010241212964759918 5.3671922864840314e-05 0.9999994741473092 0.0 0.9986290096225459 0.052335928721940414 -0.0010255267452385997 0.0 4.0 0.05955436024344709 0.0032072680446402235 1.0]
[0.05154085546935875 0.9986295347545738 0.009088043428043462 0.0 0.14588393193416804 0.0014738441505777367 -0.9893006146702057 0.0 -0.987958206920168 0.0523151995053363 -0.14560803988723686 0.0 -3.940058684402045 0.0617735872802817 -0.6898987474983448 1.0]
[0.052335956242943835 0.9986295347545738 5.798793399320915e-17 0.0 0.035978485876298115 -0.0018855525467429892 -0.9993507858833366 0.0 -0.9979812103632941 0.052301979001341835 -0.03602786080740171 0.0 -4.0 0.06260291768777942 0.015441450296034996 1.0]
[0.051540855469358764 0.9986295347545738 -0.009088043428043346 0.0 -0.1229379393678075 -0.002686426853021787 -0.9924107245363486 0.0 -0.9910750744930898 0.05226696305149836 0.122630996456399 0.0 -3.936442796953616 0.0555877222371127 0.7104054642464054 1.0]
[0.11829690442127536 0.9914448613738104 -0.05516275246767055 0.0 -0.3896219695279577 -0.004752417378048221 -0.9209626134595368 0.0 -0.9133458070553009 0.1304396465210278 0.3857265033024959 0.0 -3.6323410793690583 0.3800203591538337 1.6752257502518886 1.0]
[0.10692079719031318 0.9914448613738104 -0.07486674818404877 0.0 -0.5807042692861704 0.0011491438495951102 -0.814113770367034 0.0 -0.8070628815408393 0.1305211336293046 0.5758591311380922 0.0 -3.284330058132519 0.3753682783997404 2.2832777564792224 1.0]
[0.09229595564125728 0.9914448613738104 -0.09229595564125721 0.0 -0.715612045135116 0.0015933599411823672 -0.6984961431973941 0.0 -0.6923733511840297 0.130516466622276 0.7096369455648659 0.0 -2.8336963399005253 0.37756864365098985 2.823157909591855 1.0]
[0.07486674818404887 0.9914448613738104 -0.10692079719031311 0.0 -0.8368356079841334 0.004154139428177484 -0.5474384973085443 0.0 -0.5423109211754563 0.1304600704471568 0.8299873702609882 0.0 -2.308249930884095 0.37979290264695625 3.266844353368739 1.0]
[0.05516275246767066 0.9914448613738104 -0.1182969044212753 0.0 -0.8944801141915943 -0.0035783953470253254 -0.44709341350833237 0.0 -0.44369178046926083 0.13047713187454052 0.8866303186795559 0.0 -1.695415697887657 0.38463933342703244 3.622926352168751 1.0]
[0.033782664431261884 0.9914448613738104 -0.12607862007251908 0.0 -0.9741392332786503 0.0044655024642115265 -0.22590443438548416 0.0 -0.2234087862444272 0.1304497839906528 0.9659561936680068 0.0 -1.0510708910147777 0.3765583915252199 3.859471125205062 1.0]
[0.011376107230962256 0.9914448613738104 -0.13002950065171942 0.0 -0.9935815984692944 -0.003428115254410191 -0.11306571190685664 0.0 -0.11254417518233216 0.13048116676849703 0.9850423715512242 0.0 -0.3417387674169981 0.3781889834475838 3.9853810821370796 1.0]
[-0.011376107230962135 0.9914448613738104 -0.13002950065171942 0.0 -0.9922319284414874 0.004917590500452704 0.1243045352549808 0.0 0.12388052456119386 0.1304335239082948 0.9836873037074879 0.0 0.36766211536041843 0.3759183402435747 3.9831130830713923 1.0]
[-0.033782664431261766 0.9914448613738104 -0.1260786200725191 0.0 -0.9564707810753227 0.004515378962438284 0.2917931738440564 0.0 0.28986613554033336 0.13044806709296777 0.9481354994190555 0.0 1.0248349993279149 0.38198622731967524 3.8665010111952673 1.0]
[-0.05516275246767055 0.9914448613738104 -0.11829690442127536 0.0 -0.9064084113168627 -3.135425393426749e-05 0.4224024040070697 0.0 0.4187849837735726 0.1305261884541819 0.8986556912930512 0.0 1.6848208849899582 0.3783166960218839 3.6278667945596674 1.0]
[-0.07486674818404876 0.9914448613738104 -0.10692079719031317 0.0 -0.8459371216200944 -0.0063721404182603405 0.5332445799927079 0.0 0.5280012843558771 0.13037055910732231 0.8391770737076821 0.0 2.293534767114189 0.38311371901507907 3.277148021966418 1.0]
[-0.0922959556412572 0.9914448613738104 -0.0922959556412573 0.0 -0.7053434113967011 0.0003278971466013551 0.7088656886059059 0.0 0.7028315079530306 0.13052578036130297 0.6992788371526353 0.0 2.820017409032587 0.380602108022387 2.8368368404597932 1.0]
[-0.10692079719031311 0.9914448613738104 -0.07486674818404888 0.0 -0.5418200311842523 0.005035210350814701 0.840479446782739 0.0 0.8336659984284377 0.1304290363078287 0.5366463170022947 0.0 3.273928747947491 0.37503147317058305 2.298132366887477 1.0]
[-0.1182969044212753 0.9914448613738104 -0.05516275246767066 0.0 -0.39635458694240827 0.003789251317610812 0.9180896922328258 0.0 0.9104443331769694 0.1304711785411546 0.39251546180504227 0.0 3.624295886688635 0.381629317144388 1.6924787216318893 1.0]
[-0.12607862007251908 0.9914448613738104 -0.033782664431261884 0.0 -0.21440130757096826 0.006016495735303822 0.9767271272422643 0.0 0.9685743445252247 0.1303874558173942 0.21180852318308305 0.0 3.859314055109362 0.3802672918540409 1.05165708459228 1.0]
[-0.13002950065171942 0.9914448613738104 -0.011376107230962253 0.0 -0.0632258481801974 0.0031590905328220493 0.997994244607102 0.0 0.9894922036490024 0.13048795730821786 0.06227416731976095 0.0 3.9841717162683694 0.37693682247139126 0.3555618825495324 1.0]
[-0.13002950065171942 0.9914448613738103 0.011376107230962143 0.0 0.0921339686303488 0.0006580457529724025 0.9957464028557718 0.0 0.9872201683437622 0.13052453344583476 -0.09143131511720015 0.0 3.983150843091599 0.38263129263072343 -0.36723051635450715 1.0]
[0.13002950065171942 0.9914448613738103 0.011376107230962265 0.0 0.06918336046047426 0.002373243128428906 -0.997601137906553 0.0 -0.989093520146432 0.13050461513877282 -0.06828289560219453 0.0 -3.9849628926102723 0.38413683781537655 -0.34651869558087417 1.0]
[0.13002950065171942 0.9914448613738104 -0.011376107230962131 0.0 -0.03999179787439385 -0.006219884672838704 -0.9991806489006031 0.0 -0.9907032780116547 0.13037791181838448 0.03884089400154735 0.0 -3.9834479348610294 0.38199977499153837 0.36383474189119586 1.0]
[0.1260786200725191 0.9914448613738104 -0.033782664431261766 0.0 -0.30280839534490944 0.006033308084786806 -0.9530323577414332 0.0 -0.9446752125832723 0.13038667895540518 0.300978498703362 0.0 -3.8602938591108877 0.3752606406085669 1.0480004062771273 1.0]
[0.18005680599195542 0.9781476007338057 -0.10395584540887964 0.0 -0.5241869202075865 0.005987313356141992 -0.851582189082217 0.0 -0.8323506588567471 0.20782546344823805 0.5138102348564735 0.0 -3.4659161923737787 0.6986551582956352 1.9968570600329483 1.0]
[0.1592695954104156 0.9781476007338057 -0.1336430587666343 0.0 -0.6137954402070552 -0.00791524453284795 -0.7894254280709563 0.0 -0.773232405916119 0.20776096862183902 0.5991218793855599 0.0 -3.0692955903943044 0.6952660202855777 2.5650512608556704 1.0]
[0.13364305876663438 0.9781476007338057 -0.15926959541041555 0.0 -0.7490510309359459 -0.0055297585652157415 -0.6624892261946657 0.0 -0.6488929695237069 0.20783814122751862 0.7319434548882827 0.0 -2.573184017003252 0.6962872358365811 3.0624713977104134 1.0]
[0.10395584540887971 0.9781476007338057 -0.1800568059919554 0.0 -0.8879878191309246 0.009740782895612027 -0.45976379829613034 0.0 -0.4479629619515763 0.20768338481274834 0.8695957660846163 0.0 -2.005465265319624 0.7034946638281241 3.460946242734277 1.0]
[0.07110998629257223 0.9781476007338057 -0.19537308163656975 0.0 -0.93417437010738 -0.0033534786186208507 -0.3568010656032774 0.0 -0.34965928571103333 0.2078846443580045 0.9135219529689454 0.0 -1.3520615904664863 0.6993410729289331 3.7646009160792273 1.0]
[0.036103486226154224 0.9781476007338057 -0.2047530450592065 0.0 -0.9774959541890652 -0.008046903950657656 -0.21080063301806717 0.0 -0.20784176150698597 0.20775591090389808 0.9558448010310903 0.0 -0.7068799216263251 0.702744564951114 3.9370644452391734 1.0]
[6.123178419723967e-17 0.9781476007338057 -0.20791169081775934 0.0 -0.9999909237483268 0.0008858214400994515 0.00416746221871315 0.0 0.0042605658037567495 0.20790980375892767 0.9781387228200079 0.0 -0.004541400933139771 0.7035471772994527 4.0 1.0]
[-0.0361034862261541 0.9781476007338057 -0.2047530450592065 0.0 -0.9824140512484735 0.002819218309658752 0.18669409181247354 0.0 0.18319162151113713 0.20789257607433229 0.960844163546461 0.0 0.6949769526862648 0.7029251362912093 3.939163259813841 1.0]
[-0.07110998629257212 0.9781476007338057 -0.1953730816365698 0.0 -0.9301938626801348 0.005684883435570353 0.3670246039879814 0.0 0.36011490899667126 0.2078339560298642 0.9094626430147067 0.0 1.3742337758479184 0.7011220322041111 3.756530900571754 1.0]
[-0.1039558454088796 0.9781476007338057 -0.18005680599195545 0.0 -0.876987127178291 -0.004756321318381192 0.48049032890484333 0.0 0.46913405436921046 0.20785727936787748 0.8583173017275667 0.0 2.016216972451909 0.7027186966012172 3.4547387417272044 1.0]
[-0.13364305876663427 0.9781476007338057 -0.1592695954104156 0.0 -0.7378484921608089 0.00908202342370947 0.6749052670312714 0.0 0.6616034578654486 0.2077132350844085 0.7205109829220167 0.0 2.5704725960880324 0.7019386488186491 3.0647465500003404 1.0]
[-0.15926959541041555 0.9781476007338057 -0.1336430587666344 0.0 -0.6551932644961845 -0.0034670325205272794 0.7554533512033251 0.0 0.7384815381149589 0.20788278154816278 0.6414279125507117 0.0 3.074510911596321 0.7043181043768888 2.558835883076634 1.0]
[-0.18005680599195537 0.9781476007338057 -0.10395584540887975 0.0 -0.49641825677288437 0.0008780058412273164 0.8680830279692798 0.0 0.849204604885387 0.2079098369112013 0.48541223589544147 0.0 3.472294068813521 0.6994697765974763 1.9858102539949185 1.0]
[-0.19537308163656972 0.9781476007338057 -0.07110998629257224 0.0 -0.37224824789747957 -0.006879903670140752 0.9281077032665691 0.0 0.9073370933170796 0.20779782988325246 0.36545787853968076 0.0 3.762125695300257 0.6992799407397365 1.3588622036648712 1.0]
[-0.2047530450592065 0.9781476007338057 -0.03610348622615424 0.0 -0.19715002095726214 -0.005083739844558009 0.9803601505700564 0.0 0.9587533884036779 0.2078495291500378 0.19388273119742752 0.0 3.941066096259807 0.7014961920468189 0.6841854309445519 1.0]
[-0.20791169081775934 0.9781476007338057 -7.395487192508767e-17 0.0 -0.016189255488750654 -0.0034411324826862967 0.9998630239257558 0.0 0.9780136179154257 0.20788321189056164 0.016550933086791265 0.0 4.0 0.700698539757775 0.005262108139904119 1.0]
[0.2047530450592065 0.9781476007338057 0.03610348622615422 0.0 0.17403029649081633 -8.247779054942389e-05 -0.9847402952559281 0.0 -0.9632183794147104 0.20791167445844308 -0.17024420454624958 0.0 -3.941305813093403 0.695258503761661 -0.6828259292243208 1.0]
[0.20791169081775934 0.9781476007338057 4.845783612137999e-17 0.0 0.036899265058542 -0.007843180908994423 -0.9992882110539323 0.0 -0.9774513660839808 0.20776370157447702 -0.0377236165900322 0.0 -4.0 0.6967544558187303 0.009925683822079203 1.0]
[0.2047530450592065 0.9781476007338057 -0.03610348622615411 0.0 -0.2023991323039858 0.006222267278601584 -0.9792833474702342 0.0 -0.9576590112255908 0.20781856165562596 0.19925025382621372 0.0 -3.9357862829200716 0.7034613040886774 0.7141287403491696 1.0]
[0.19537308163656977 0.9781476007338057 -0.07110998629257213 0.0 -0.3015850844666753 -0.009072635143315374 -0.9533961003270279 0.0 -0.9332072630445277 0.2077136453636492 0.2932221781016669 0.0 -3.7565020259303075 0.6950448927850666 1.3743131082732876 1.0]
[0.23265175022366094 0.958819734868193 -0.16290450928428987 0.0 -0.5871429163655587 0.004937113442411243 -0.8094682332695975 0.0 -0.7753298387651633 0.28397242989090465 0.5641128434827924 0.0 -3.2698168711234925 1.0215748966690779 2.304004735577639 1.0]
[0.20082917620117854 0.958819734868193 -0.20082917620117846 0.0 -0.7119482852973785 0.0020357597228350425 -0.7022289475267118 0.0 -0.6729021333362516 0.28400804867052426 0.6830389060967776 0.0 -2.8234666039738263 1.016131698663177 2.833387645518554 1.0]
[0.16290450928428996 0.958819734868193 -0.23265175022366089 0.0 -0.8243952566833529 0.002727269428605427 -0.5660079705794366 0.0 -0.542065108278363 0.2840022500417062 0.7908907259276814 0.0 -2.3029947673057474 1.0243871590555795 3.2705240585208233 1.0]
[0.12003007128645742 0.958819734868193 -0.2574053185430634 0.0 -0.8997676014723905 -0.004504135875599103 -0.4363461654473838 0.0 -0.41953670319483305 0.2839796274159506 0.8621743013365153 0.0 -1.7033933865222985 1.0244499445097086 3.6192062948640418 1.0]
[0.07350858031073258 0.958819734868193 -0.27433775651191106 0.0 -0.9609084505072704 -0.005532529255636875 -0.27681102012700337 0.0 -0.26692965059059537 0.2839614536294029 0.9209312973768777 0.0 -1.0435490436735895 1.0205365032072518 3.8614865981257234 1.0]
[0.0247535683194026 0.958819734868193 -0.2829345805707473 0.0 -0.9938493463718795 -0.006955590593492946 -0.11052192757857472 0.0 -0.10793858240520242 0.28393016005134736 0.9527501911002547 0.0 -0.3458902622468367 1.0200238396278727 3.9850178734027826 1.0]
[-0.02475356831940248 0.958819734868193 -0.2829345805707473 0.0 -0.9906572055389318 0.014440812784758304 0.13560886416422155 0.0 0.13411026049207198 0.2836479842223519 0.9495042175142484 0.0 0.3630644749016398 1.0243403812195977 3.983515324490504 1.0]
[-0.07350858031073247 0.958819734868193 -0.27433775651191106 0.0 -0.9740793359061429 -0.010019685854443202 0.2259846305747934 0.0 0.21392974543374788 0.28383854904270184 0.9347030234764332 0.0 1.0460586282717153 1.018698273630191 3.8608141569593184 1.0]
[-0.1200300712864573 0.958819734868193 -0.2574053185430634 0.0 -0.9255034637921403 -0.01425487250488068 0.3784707876687711 0.0 0.3592159802900177 0.2836573895338487 0.8891019991357144 0.0 1.7015929041071285 1.0158371380223359 3.6200458736026087 1.0]
[-0.16290450928428984 0.958819734868193 -0.23265175022366094 0.0 -0.8425789990103024 -0.012508943174242162 0.5384274851523279 0.0 0.5133446710365672 0.2837397440753614 0.8099191356860307 0.0 2.284144817491811 1.020754620863171 3.2837229354754163 1.0]
[-0.20082917620117843 0.958819734868193 -0.20082917620117857 0.0 -0.7300849934146474 -0.009802253827581958 0.6832860442088905 0.0 0.6531795651863967 0.28384614115254 0.7019884783781868 0.0 2.841223774904589 1.0156386051122541 2.815630474587791 1.0]
[-0.23265175022366089 0.958819734868193 -0.16290450928428998 0.0 -0.587300906324193 -0.004994983232597215 0.8093532575910767 0.0 0.7752101705657949 0.28397141787474683 0.5642777908810138 0.0 3.277239775383204 1.0242960179119254 2.293403729654895 1.0]
[-0.2574053185430634 0.958819734868193 -0.12003007128645742 0.0 -0.42748990527733505 -0.00159440222999743 0.9040187159387266 0.0 0.8665996093189282 0.28401086934977854 0.41029616525074164 0.0 3.627793698223099 1.0232891184479682 1.6849776405895929 1.0]
[-0.27433775651191106 0.958819734868193 -0.07350858031073258 0.0 -0.2340125905342795 0.007578951841423579 0.9722040253776062 0.0 0.9327255238404528 0.28391420449895316 0.2222966973670089 0.0 3.858541957596716 1.0169815541185514 1.054538591737872 1.0]
[-0.2829345805707473 0.958819734868193 -0.024753568319402595 0.0 -0.047979120951863866 0.011627245965821941 0.9987806621595837 0.0 0.957938425510712 0.2837772421786819 0.042713578069742346 0.0 3.983222139676523 1.0182690621124193 0.36641559265981527 1.0]
[-0.2829345805707473 0.9588197348681929 0.024753568319402498 0.0 0.10493521300973145 0.005291133844780876 0.9944649842871487 0.0 0.953381678126792 0.2839660541859266 -0.10211099785144484 0.0 3.9841829653142162 1.0157931693455748 -0.355433305367146 1.0]
