[1.0 0.0 0.0 0.0 0.0 0.9999025240063992 -0.013962180547184469 0.0 0.0 0.013962180547184469 0.9999025240063992 0.0 0.0 0.5555309606339259 3.7599502424103903 1.0]
[0.9372871585055003 -2.306327394214139e-14 0.34855814788363243 0.0 0.004866631791966512 0.9999025240063992 -0.013086572531607018 0.0 -0.34852417183183954 0.013962180547188473 0.9371957955084358 0.0 -1.3620024767435108 0.5549736026021574 3.555652874510531 1.0]
[0.7095707283266053 4.999841100198185e-18 0.7046342182310272 0.0 0.01475674588223565 0.9997806834683095 -0.014860128350955976 0.0 -0.7044796802981743 0.020942420195377717 0.7094151077354797 0.0 -2.5276842087443403 0.5365526375460185 2.4552537769685014 1.0]
[0.3875155703712311 5.255467927738779e-15 0.9218631583482766 0.0 0.012871219858030976 0.9999025240063784 -0.0054105623589518394 0.0 -0.9217732988209334 0.013962180548677827 0.3874777969059652 0.0 -3.2471182110124897 0.5371037915311102 1.2645711001049507 1.0]
[-0.05582152919390159 4.257846855848318e-18 0.9984407628289496 0.0 0.01394041019628637 0.9999025240063992 0.0007793902690251752 0.0 -0.9983434388235413 0.01396218054718446 -0.05581608793487912 0.0 -3.5876330860341916 0.537108914718452 -0.269375556971876 1.0]
[-0.4725508034007691 -4.808467910672173e-16 0.881303431404467 0.0 0.012304917626121986 0.9999025240063993 0.006597839634798947 0.0 -0.8812175254768271 0.013962180547184292 -0.4725047410416807 0.0 -3.2345628449137953 0.5365452259399477 -1.7791747600797798 1.0]
[-0.7922896071731425 8.09555099759536e-16 0.6101452108846108 0.0 0.010648502364780238 0.9998476951518523 0.013827360446444172 0.0 -0.6100522828109188 0.017452406697318845 -0.792168937624833 0.0 -2.226705702026469 0.5460526218172197 -2.9740161630637694 1.0]
[-0.9711343383518735 3.289037933913513e-16 0.23853321964426621 0.0 0.004162978760052809 0.9998476951518525 0.01694863143064794 0.0 -0.23849688987847012 0.017452406697318307 -0.9709864298839398 0.0 -0.8703038102852085 0.5418963173329369 -3.4384429085139647 1.0]
[-0.9835714618758686 -1.0579507685655215e-18 -0.18051919394725727 0.0 -0.004410477172200887 0.9997014897722871 0.024030793540432166 0.0 0.18046530712156553 0.024432178516648518 -0.9832778557348123 0.0 0.6248548398330704 0.5406592623423025 -3.600223417010197 1.0]
[-0.8090169613565308 -1.3939995098600895e-18 -0.5877852977384224 0.0 -0.014360875323806536 0.9997014897722873 0.019766046822859294 0.0 0.5876098378153484 0.02443217851664852 -0.8087754615191727 0.0 1.90584485947895 0.533761777222536 -2.8565859816340655 1.0]
[-0.509041362159019 -2.7517602370842308e-18 -0.8607420586977789 0.0 -0.021029803634891694 0.9997014897722872 0.012436989432627079 0.0 0.860485118389835 0.02443217851664852 -0.5088894081060857 0.0 2.829518192775495 0.5327551166568835 -1.786066322237407 1.0]
[-0.0558214466393839 6.849341535810308e-16 -0.9984407674444622 0.0 -0.01742519433662319 0.9998476951518522 0.0009742185891838561 0.0 0.998288700074992 0.017452406697318172 -0.05581294476243012 0.0 3.4512680507479185 0.55048920808622 -0.3105579847488178 1.0]
[0.3189603025546188 2.0696137074792304e-14 -0.9477680757410983 0.0 -0.01654083391258061 0.9998476951518522 -0.005566624920465171 0.0 0.9476237260682431 0.0174524066973242 0.31891172335417345 0.0 2.9479627348648845 0.5435026853664906 0.9490807180340562 1.0]
[0.6347291806735804 5.390075587422873e-13 -0.7727346680462281 0.0 -0.02696805145560103 0.9993908269984944 -0.022151729321938297 0.0 0.772263938949115 0.03489949729244678 0.634342520793461 0.0 2.496909774519228 0.6240866007895348 2.051460996108322 1.0]
[0.8862036235765476 7.087417954834718e-16 -0.4632959502950534 0.0 -0.01616879573044094 0.9993908270009428 -0.03092806089943078 0.0 0.46301372291156107 0.03489949722233294 0.8856637722573981 0.0 1.5457652885422357 0.6227252814949936 3.0235911548779337 1.0]
[0.7660444966667954 2.519498757542412e-13 -0.6427875458707302 0.0 -0.16202704645350463 0.9677091695584321 -0.19309634737633846 0.0 0.6220314022170184 0.2520693617886349 0.7413082837142726 0.0 2.219759942233991 1.5513120266006375 2.703507800465186 1.0]
[0.9606305690319281 9.988196417232126e-05 -0.2778169388459017 0.0 -0.053437802956956985 0.9813937156913317 -0.18441851604795187 0.0 0.27262910243878014 0.1920053767908605 0.9427622449643078 0.0 1.027011095877557 1.6898633030794952 3.8740866510044496 1.0]
[0.9947254523200154 -5.865718255892763e-05 0.10203527960383556 0.0 0.02088549355371264 0.9789476832428863 -0.20302885322669204 0.0 -0.09987491510035726 0.20411123933082528 0.9737853883423213 0.0 -0.38403606935572077 1.689863357317551 4.05230848007582 1.0]
[0.8887819584204462 -2.8483146249393445e-07 0.4583121504360784 0.0 0.09372323392772763 0.9788674070349164 -0.1817521949171604 0.0 -0.4486267743454012 0.20449596312811802 0.8699997177035332 0.0 -2.0016647306592645 1.6898633573932575 3.5237983707940526 1.0]
[0.43854398800869815 -6.3728797121555175e-06 0.8986968542245483 0.0 0.2295052197619183 0.9668427540053689 -0.11198634249864033 0.0 -0.8688978012868712 0.2553724256845409 0.4240045789725135 0.0 -4.093972189901697 1.7576077523355191 1.8365780625171588 1.0]
[0.1410805229039403 3.940869140125026e-06 0.9899977356079682 0.0 0.24625379114490728 0.9685696970082529 -0.035096493258947196 0.0 -0.9588819459678896 0.24874231816022002 0.1366453439158359 0.0 -4.29090864562226 1.6964601279249107 0.48777069942848617 1.0]
[-0.08605139604223382 6.487708675011839e-06 0.9962905725617146 0.0 0.2310046998509061 0.9727481542880962 0.019945928854930642 0.0 -0.969139685909178 0.23186423885722318 -0.08370784159158824 0.0 -4.04725390622877 1.636794298950172 -0.4220455862653231 1.0]
[-0.4782970256731162 -2.312658746874149e-06 0.8781980521943236 0.0 0.19946871287070128 0.9738629525172772 0.1086403128980038 0.0 -0.8552448162603438 0.22713539564206398 -0.4657952588485263 0.0 -3.146470095606544 1.508949296289493 -1.664631691129335 1.0]
[-0.6632635919498229 -2.389231002261665e-05 0.7483849850649511 0.0 0.21889014227774173 0.9562622157245287 0.19402689839998238 0.0 -0.7156573687754831 0.29250551243486617 -0.6342481904484571 0.0 -2.8038238054700155 1.5660516143117686 -2.562273563218902 1.0]
[-0.8491738809875646 1.8229891429630478e-06 0.5281088711078077 0.0 0.12240236950055786 0.972770139513138 0.19681377247678486 0.0 -0.5137281768063796 0.23177198964425266 -0.8260512207754661 0.0 -2.267632341531932 1.7592779084385188 -3.7831301913962534 1.0]
[-0.9892536069639943 3.517135560625284e-10 0.14620977339259705 0.0 0.034875923622365836 0.97113427906067 0.23597008666058997 0.0 -0.14198932279224902 0.2385334610349148 -0.9606980884193972 0.0 -0.5661833741886537 1.760323010413516 -4.383538538715898 1.0]
[-0.9593171431012814 2.340198740782228e-08 -0.2823306907263346 0.0 -0.07021288646856559 0.9685830514580633 0.23857288823390504 0.0 0.27346072752729983 0.24869031430304572 -0.9291783241378916 0.0 0.9981070565567529 1.6563103572329274 -3.863116341970776 1.0]
[-0.93969266663368 -1.34807321864782e-07 0.3420200173597905 0.0 0.054786280566335686 0.9870870223379218 0.15052452058552573 0.0 -0.33760354082470234 0.16018479277315062 -0.9275584288283569 0.0 -1.1164687966257127 0.9078887128468551 -2.9758756429642075 1.0]
[-0.8498927625907029 4.073756796714793e-08 0.5269556832371736 0.0 -0.02794420006439994 0.9985927940564614 -0.04506947135385314 0.0 -0.5262141499184989 -0.05302957255488051 -0.8486967872962996 0.0 -1.3487139207271701 0.03175237580454258 -2.2420078260538743 1.0]
[-0.8498927626346235 -7.409803588157644e-11 0.5269556831663242 0.0 0.022066202798600852 0.9991228627766715 0.03558915242872985 0.0 -0.5264934707242116 0.04187487404810129 -0.8491472900550443 0.0 -1.3520576953373462 1.105938556455532 -2.2474007840043306 1.0]
[-0.9982392487209737 1.0905243791353697e-07 0.05931612139490765 0.0 -0.0022765756365236006 0.9992631310795734 -0.0383146453802815 0.0 -0.05927241736773557 -0.0383822204577672 -0.9975036769951073 0.0 -0.2690375444812725 0.5286867204492508 -2.8258929279827076 1.0]
[-0.9975640403906385 8.278508742736834e-15 -0.06975661487991869 0.0 -0.017819031600929895 0.9668233876882271 0.25482350584642954 0.0 0.06744232671186808 0.2554457614035908 -0.9644682449664324 0.0 0.10714905914940916 1.2150385708053466 -2.8277916681702107 1.0]
[-0.9975640403980426 1.6249453895824345e-08 -0.06975661477406461 0.0 -0.025444195017551408 0.9311027637764693 0.3638684187723487 0.0 0.0649505827193039 0.3647569509138657 -0.9288346346452676 0.0 0.08962556751406645 1.9894182309899122 -2.577194572144318 1.0]
[-0.9037300771930874 -7.205653246335823e-07 -0.42793097852755624 0.0 -0.1616904659351619 0.9258705098516997 0.3414660101173298 0.0 0.3962084244557665 0.37784095620010294 -0.8367371308377431 0.0 0.9823350343475343 2.08752751560096 -2.2844624375238016 1.0]
[-0.6185425212512408 -3.334946619143719e-05 -0.7855777038572616 0.0 -0.3871518969245312 0.8701480310806182 0.30477901222627696 0.0 0.6835533091570807 0.49278867125003545 -0.5382421625934617 0.0 1.8747375334487542 2.0875275399160933 -1.511783142512821 1.0]
[0.04451137623207288 -3.5213912049725367e-06 -0.9990086809401701 0.0 -0.49607780134517643 0.8679964883515767 -0.022106283186480245 0.0 0.8671361108253534 0.4965702114372481 0.03863385659048016 0.0 2.3419227853538738 2.0875275399161075 -0.08043578807400048 1.0]
[0.46163832395981663 2.994714629808501e-05 -0.886159082043499 0.0 -0.47221319963699737 0.8462047871399305 -0.24595454606546932 0.0 0.7498617299479995 0.5328505687991717 0.3906568025781958 0.0 2.4179522126540585 2.335883797522847 1.2316076337602282 1.0]
[0.8967273732773224 -0.00019257912278859707 -0.44238609384109717 0.0 -0.2496073039384559 0.8253015450232424 -0.506450712128847 0.0 0.36523396331891894 0.5646684192868625 0.7400044957325176 0.0 1.161029976956903 2.3363986207290317 2.4341914937873135 1.0]
[0.9907280504410683 -3.3259848635110766e-05 -0.13583975915347826 0.0 -0.05933813811100693 0.8993319397806084 -0.43313085943292634 0.0 0.12218851106598005 0.4371778028646559 0.8909901784940809 0.0 0.43757883223666866 1.8915474193866126 2.9297948183495897 1.0]
[0.9841955755424312 1.0101859593025467e-06 0.17708492053592073 0.0 0.08123864255759523 0.8885592418118462 -0.4515099894245651 0.0 -0.1573508980239684 0.4587602724666039 0.8745159924791941 0.0 -0.5387053395826243 1.809741018085548 2.7692822798181176 1.0]
[0.8668159294735273 5.478497547337107e-08 0.4986266910555439 0.0 0.20281834376272992 0.9135377292543017 -0.3525808789991193 0.0 -0.4555143207528469 0.4067539992064678 0.7918690410675376 0.0 -1.4146481919006872 1.7594097619065618 2.312415973993415 1.0]
[0.5764321230790606 -3.0081348931828153e-11 0.8171450345456219 0.0 0.10807266165530727 0.9912155387733799 -0.07623683818821311 0.0 -0.8099668556708374 0.13225640133542999 0.5713684774473453 0.0 -2.1148010041009293 0.5471597813800608 1.4799109112193278 1.0]
[0.9751485339472317 -1.5959063416604137e-12 0.22155210839254214 0.0 0.02930168254549936 0.9912155399901048 -0.12896962697472042 0.0 -0.21960589275605402 0.1322563922165009 0.966582380647111 0.0 -0.7174710973350626 0.6318046704637367 3.209026282881887 1.0]
[0.9719610724452439 -1.9310259260293316e-09 0.2351418160407317 0.0 0.05369471733434916 0.9735790253481862 -0.2219476486297281 0.0 -0.2289291396509139 0.2283503479346788 0.9462809136913133 0.0 -0.8143311499560477 1.1436717563820165 3.0937413112513186 1.0]
[0.8461480793754848 9.054528733436259e-10 -0.5329478607410933 0.0 -0.09071279067817459 0.9854078980088006 -0.14402244266003011 0.0 0.5251710310707223 0.17020950191371742 0.8338010003837386 0.0 1.5601989412331658 0.759350314336569 2.504233656210417 1.0]
[0.40992761154683366 3.7611256529185456e-10 -0.9121180588502068 0.0 -0.25141381384516515 0.9612616947554777 -0.11299136428432757 0.0 0.8767841510249248 0.2756373599420399 0.3940477106971369 0.0 3.2333905573125397 1.8292750560867965 1.4402506525684453 1.0]
[0.10099552634273606 1.9036475943594606e-06 -0.9948006582327515 0.0 -0.2742057597822742 0.9612614469222338 -0.02783549372664037 0.0 0.9562633271889996 0.275637727844585 0.09708374736149794 0.0 3.583719380743561 1.8292750545950045 0.15782052009875228 1.0]
[-0.2622484837996787 3.970651136994684e-06 -0.9649596426503035 0.0 -0.2659777850485688 0.9612618625056728 0.07228997867081999 0.0 0.9275790693118654 0.2756363396804855 -0.2520882567295853 0.0 3.4423452536699126 1.8292750545950045 -1.3402538986928216 1.0]
[-0.7136730029510592 -1.887501316078089e-06 -0.7004786939691503 0.0 -0.1883858301908189 0.9631578138962041 0.19193168643221373 0.0 0.6746711640715659 0.268936842539265 -0.6873800862338233 0.0 2.454200765365004 1.8292750545950045 -2.8840290802776245 1.0]
[-0.9917768107384024 0.00011621852806467345 -0.12611205438591305 0.0 -0.04064063037840247 0.9462891597188448 0.3206783385859794 0.0 0.11938414525517695 0.32331926709590325 -0.9385015807983469 0.0 0.4918034991262521 1.8292750545950045 -3.893963402241273 1.0]
[-0.9522810927828639 1.7273658443628086e-07 0.3052130549791038 0.0 0.09936781328656905 0.9455185683300471 0.31003237072707446 0.0 -0.2885845571272883 0.325568174745852 -0.900399472058521 0.0 -1.1891799915178027 1.8292750545950045 -3.6776393835804146 1.0]
[-0.7537188561075859 5.675170117404957e-07 0.657076364492907 0.0 0.21825574521326377 0.943222615210284 0.2503559857561282 0.0 -0.6197691331915067 0.3321612029303921 -0.710924763698878 0.0 -2.5560886838453127 1.8292750545950045 -2.8538660827085294 1.0]
[-0.5105447764514633 1.400927360457959e-06 0.8597459237655747 0.0 0.2856037147115465 0.9432109021211201 0.1696001160765062 0.0 -0.8109214334570404 0.3321941610534822 -0.4815515426995015 0.0 -3.3296781223190908 1.8292750545950045 -1.9084651729809634 1.0]
[-0.13215997270021887 -1.2427791316029792e-06 0.9910426991576419 0.0 0.34219549125224835 0.9384971160565672 0.045637308093383865 0.0 -0.930090252224858 0.34528555556340623 -0.12403077459693143 0.0 -3.771326899363331 1.8292750545950045 -0.5518681543281801 1.0]
[0.23198194095937666 -6.685712781673198e-05 0.9720103081996678 0.0 0.3243767068684216 0.9426819553273391 -0.07730796910209096 0.0 -0.9162875211879551 0.3336870671668103 0.21872003540087084 0.0 -3.670568068360862 1.8292750545950045 0.763028832846506 1.0]
[0.49405843202072186 -1.002411077557801e-06 0.8693784027829135 0.0 0.30303395525281906 0.9372852691730333 -0.17220950299856602 0.0 -0.8148553424782146 0.3485630072043969 0.46307401692646843 0.0 -3.2244034129554957 1.8292750545950045 1.8027319783841356 1.0]
[0.76814857504576 -2.3552617519838753e-06 0.6402716146019205 0.0 0.18925075028615523 0.9553166275468801 -0.2270444815574685 0.0 -0.611661509393735 0.2955757854701278 0.7338256146833454 0.0 -2.6234620629704675 1.3975640385836992 2.9051085013046993 1.0]
[0.8925851796066123 2.350756417671008e-05 0.4508788047521254 0.0 0.08438674349745746 0.9821968101719918 -0.16710789520940073 0.0 -0.4428557953864316 0.1872062246872429 0.8766922602334358 0.0 -2.368494780142415 1.2383941906758102 4.247926306724462 1.0]
[0.9970453636961605 -9.039841414666527e-11 0.07681497828539037 0.0 0.01281033793581091 0.9859960366537716 -0.16627600817245472 0.0 -0.07573926413000931 0.1667687491799762 0.9830827769695909 0.0 -0.6015487738045247 1.6473103285845383 7.111842091202131 1.0]
[0.9973145016128502 -1.7167022425720008e-09 -0.07323786501985109 0.0 -0.012465863891373025 0.9854076974131518 -0.16975356289407006 0.0 0.07216915622412338 0.17021066323174555 0.9827613866096605 0.0 0.2531946997084418 0.9555280865149239 3.3146369109083786 1.0]
[0.906617305189225 4.816239680484375e-07 -0.42158708564758146 0.0 -0.07175860761042967 0.985407879429099 -0.15431477240087146 0.0 0.4154351610286068 0.17020960149085324 0.8933878702011501 0.0 2.0162792755488277 1.2198621836228425 4.409312708832927 1.0]
[0.2668130233884774 -3.927857251669969e-06 -0.9636963767620472 0.0 -0.10075490038540182 0.9945194655629606 -0.027899566016788908 0.0 0.9584149187898745 0.10455156840181071 0.26535034034786015 0.0 4.346137231610374 1.1650823027372705 1.0206033837209185 1.0]
[-0.4190706900503415 -1.003699798287326e-06 -0.9079535876522157 0.0 -0.21967005754957514 0.9702913885125508 0.10138878114287668 0.0 0.8809794453290397 0.24193929243774337 -0.4066209024963058 0.0 5.920004967122924 1.9850602984313164 -2.768575903675547 1.0]
[-0.8922182078366135 -2.1079689490113412e-07 -0.45160440228532023 0.0 -0.1061919685860716 0.9719606940661829 0.20979911254204298 0.0 0.43894168402104305 0.23514338005316826 -0.8672010509552942 0.0 2.018634394056748 1.463891243833865 -3.9013381449201074 1.0]
[-0.9984044808071827 2.8263992780659808e-09 0.05640794684146574 0.0 0.012305015306157532 0.9759167611978028 0.21779519286380272 0.0 -0.0550494601716026 0.21814324469931679 -0.9743596673028474 0.0 -0.29003147723426004 1.261882806705462 -3.5218803557058926 1.0]
[-0.998239831069373 -6.6260869002895914e-09 0.05930632062938846 0.0 0.010305521237695976 0.9847866500382311 0.1734619210244216 0.0 -0.05840407396885387 0.1737677812871628 -0.9830532591052065 0.0 -0.2933471396672161 0.9876598829137847 -3.5773722027998067 1.0]
[-0.9967789411517746 5.489530545553205e-09 -0.08019814508846028 0.0 -0.009217768638148879 0.9933727254885196 0.11456727716371252 0.0 0.07966665059460465 0.11493749716860874 -0.9901730134308955 0.0 0.20669306336279547 0.5982793558534054 -3.3548317854124052 1.0]
[-0.9871362572058908 5.8270694824315876e-18 -0.15988123626475145 0.0 -0.0016742418153503056 0.9999451693638781 0.01033707793280849 0.0 0.1598724698748631 0.01047178427228253 -0.9870821318969693 0.0 0.39148316610841927 -0.04591544542145501 -2.7621606321969914 1.0]
[-0.9978020820605846 1.0756199696009988e-15 0.06626465797177672 0.0 0.0006939092031580641 0.999945169363878 0.010448768149772093 0.0 -0.06626102463842772 0.0104717842722819 -0.9977473719377015 0.0 -0.3249218557996809 -0.04591544574351482 -2.8181317434955537 1.0]
[-0.9841956158021883 -2.801612631069077e-08 0.17708469678634345 0.0 0.07257450174441366 0.9121621473084518 0.403352369177824 0.0 -0.16152996857033383 0.4098294670040363 -0.8977459842495443 0.0 -0.5368778323498692 1.937070612216837 -2.4196563812722323 1.0]
[-0.8919571230519501 2.2435185508689174e-05 0.4521193852454598 0.0 0.2396036550163436 0.8480477816880541 0.4726546670553008 0.0 -0.38340775653711034 0.5299174100916693 -0.7564278692253508 0.0 -2.6755022406100153 3.678230589836518 -4.964085720085922 1.0]
[-0.7477975975087655 -8.295493522129099e-05 0.6639267856660356 0.0 0.5483495507200533 0.5636973910882929 0.6176906370707529 0.0 -0.37430497804586615 0.825971515878793 -0.421486129538781 0.0 -1.9302690494559953 4.911048998854212 -2.3899364523494606 1.0]
[-0.29775792835247933 -0.0013000820149867713 0.9543454495732011 0.0 0.7910167464750764 0.5592063018103649 0.24772321789320945 0.0 -0.5339192415716228 0.8289230240499679 -0.16536815788075265 0.0 -3.052589655028674 4.930231484977036 -1.0596944328131066 1.0]
[-0.28566469785706444 -3.4235880340619936e-07 0.9583296297110716 0.0 0.5740538508971512 0.800737720584266 0.17111773365339444 0.0 -0.7673707418099996 0.5990151105219661 -0.22874230230421821 0.0 -2.801233936303465 2.8201038636231557 -0.9593240892860415 1.0]
[-0.036957804076066164 -3.8227198345999896e-07 0.9992857794658847 0.0 0.5236123524706533 0.8517267232581267 0.019366513006380683 0.0 -0.8511181900195128 0.5239858243376279 -0.03147751412650496 0.0 -2.6151904165048463 2.082768113774816 -0.058214001540067575 1.0]
[0.3316110165888111 -1.6715044040379127e-05 0.9433781408973009 0.0 0.4719311369320176 0.8658809220656749 -0.16587163172995775 0.0 -0.8168496048100429 0.5002490336678717 0.28714474511021126 0.0 -3.290096282237845 2.6047725433572557 1.111360620010459 1.0]
[0.7268334006447463 -3.776027286177817e-06 0.6868137339938813 0.0 0.36773216170592005 0.8445895869479707 -0.3891545925680495 0.0 -0.5800742095581527 0.5354141069492394 0.6138773548685658 0.0 -2.3808780398904394 2.645208749133226 2.310213923719402 1.0]
[0.9583225732852245 4.343384803548325e-08 0.2856883713628941 0.0 0.11069379499602623 0.9218850185224542 -0.3713150871453684 0.0 -0.26337184565151905 0.38746355982516956 0.8834632184161727 0.0 -1.0328414752620163 2.350631480025446 3.2242126893590246 1.0]
[0.9937235961918275 1.811185261563156e-07 -0.11186323188583656 0.0 -0.04406763732492428 0.9191358878489487 -0.3914680805302977 0.0 0.10281744009934626 0.3939406296221495 0.9133670278444419 0.0 0.415987963258373 2.8695021736900017 4.571732387584581 1.0]
[0.896607554270079 2.8201920290989655e-07 -0.4428237042095723 0.0 -0.17728427471563096 0.9163627288255882 -0.35895585271960717 0.0 0.4057870364471089 0.4003490328522201 0.821617795069129 0.0 1.6298940098329728 2.5333230792933 3.355290332469468 1.0]
[0.7177892696171755 1.061714244119528e-06 -0.6962528915341679 0.0 -0.32041612425581334 0.8878153880029125 -0.3303257696674049 0.0 0.6181436696173012 0.4601997480898007 0.6372647023688706 0.0 2.4316395975101406 2.81821346819298 2.6273404430583507 1.0]
[0.9218630777059409 2.7740917186039008e-09 -0.3875157622116855 0.0 -0.1925852625168789 0.8677654282584704 -0.458141984739109 0.0 0.3362727800816 0.4969740048728828 0.7999609089554178 0.0 2.4326520612621256 2.818220877468708 2.6264520548390005 1.0]