{"markers": [{"id": 0, "mat": [-0.9297764665871178, 2.3115357077002445e-17, 0.3681246014337734, 0.0, 0.20049503033988766, 0.8386705632710852, 0.5063925642340813, 0.0, -0.30873526683840646, 0.5446390422128776, -0.7797761529488174, 0.0, -0.0866856012504198, 0.34625560198384947, -0.13116353633985478, 1.0]}, {"id": 1, "mat": [-0.11493717544955104, -2.774771938504313e-16, -0.9933727627128093, 0.0, -0.3003660180700721, 0.9531906664089067, 0.03475354168532147, 0.0, 0.9468736456826794, 0.3023698951134922, -0.10955704286191512, 0.0, -0.01842388502316289, 0.3019508154253407, -0.04901218419065456, 1.0]}, {"id": 2, "mat": [0.18397496451874681, -2.692988206371338e-12, 0.9829309295744957, 0.0, 0.04458868478867, 0.9989705697584677, -0.008345654259543972, 0.0, -0.9819190707502319, 0.045362988839383694, 0.18378557512670646, 0.0, -0.09337059487600663, 0.19728277187377224, -0.0590669995023635, 1.0]}, {"id": 3, "mat": [0.9929655078971389, 5.056484360594285e-18, -0.11840397006256584, 0.0, -0.008671693429123167, 0.9973144771444591, -0.07272300469002509, 0.0, 0.11808599349477604, 0.07323819821701043, 0.9902988763309174, 0.0, -0.03939178418116716, 0.1707775417096444, -0.00547356777537128, 1.0]}, {"id": 4, "mat": [0.9993908270009428, 2.166934445022502e-18, -0.03489949722233274, 0.0, -0.0065395137641910475, 0.9822872502023716, -0.18726716970572135, 0.0, 0.034281331159970535, 0.18738131734477556, 0.9816888673322302, 0.0, -0.04737891418994468, 0.07518321973283355, 0.0007819432641644752, 1.0]}, {"id": 5, "mat": [0.17708471989365604, -4.622383201130845e-17, -0.9841956116444461, 0.0, -0.19453348987086974, 0.980271174035698, -0.03500209527063358, 0.0, 0.964778587707483, 0.1976573432854805, 0.17359104627393693, 0.0, 0.11820285410737164, 0.024759420971660118, -0.04696539566362777, 1.0]}, {"id": 6, "mat": [-0.8571672319901178, 6.407405641014456e-10, -0.5150381892659945, 0.0, -0.13677145798265783, 0.964095448829887, 0.22762586370355742, 0.0, 0.49654597439078174, 0.26555595558279776, -0.8263910271601486, 0.0, -0.0021541572104521733, -0.062301363689785616, -0.1623525277783598, 1.0]}, {"id": 7, "mat": [0.9420574824845857, 1.444742904537155e-17, 0.3354514863505668, 0.0, 0.06055541648149167, 0.983571470325099, -0.17005941402132424, 0.0, -0.3299405116525669, 0.18051914791102658, 0.9265808631781252, 0.0, 0.008816296312700284, -0.06800366402091607, 0.0037991232590397495, 1.0]}, {"id": 8, "mat": [0.9245460668841845, 2.01111456968716e-09, 0.38107029562665345, 0.0, 0.04907108696024087, 0.9916742591751263, -0.11905541565917688, 0.0, -0.37789760334863337, 0.12877174990361395, 0.9168485358519665, 0.0, -0.14939125366721176, -0.11876023221408973, -0.03936621451199951, 1.0]}, {"id": 9, "mat": [0.06279059054523738, -2.889535439911063e-17, 0.9980267239603258, 0.0, -0.11124897488407454, 0.9937679189750589, 0.0069992001845443925, 0.0, -0.9918069405515485, -0.11146893386042935, 0.06239927449735558, 0.0, -0.26323454605403124, -0.22026576763087063, -0.15869806030218953, 1.0]}, {"id": 10, "mat": [-0.9986295371643128, -3.612126095041967e-19, -0.05233591026237511, 0.0, -0.004743338654565621, 0.9958843984934, 0.09050837295989148, 0.0, 0.05212051651124999, 0.09063258154460077, -0.9945195759366241, 0.0, -0.04487884061299364, -0.1889488034561726, -0.17938967195434452, 1.0]}, {"id": 11, "mat": [-0.13225641550072942, -3.0191750645573125e-13, -0.9912155368833251, 0.0, -0.10361023833085711, 0.9945218952099215, 0.013824560068541538, 0.0, 0.9857855543027203, 0.10452846477426961, -0.1315319009974876, 0.0, 0.20631216143513498, -0.20930072555368895, -0.04821477486644281, 1.0]}, {"id": 12, "mat": [0.9816271986941854, -1.8828977851805778e-14, 0.19080891693997154, 0.0, 0.021269266542380306, 0.9937679189750588, -0.10942093728683762, 0.0, -0.18961978030931828, 0.11146893386042987, 0.9755096184556376, 0.0, -0.05144153499427577, -0.2305732129046669, 0.014569075733177672, 1.0]}, {"id": 13, "mat": [-0.9284858421566538, 7.22379724074703e-18, 0.37136779735815817, 0.0, 0.03107525682797671, 0.9964928591450444, 0.07769369399127414, 0.0, -0.3700653581838285, 0.08367784457629426, -0.9252295115263783, 0.0, -0.2560929490868671, -0.361136240674038, -0.2116588353724726, 1.0]}, {"id": 14, "mat": [-0.9975640475634848, -7.654638481416399e-17, -0.06975651230356048, 0.0, -0.0036507738299306368, 0.9986295347137402, 0.05220846912007222, 0.0, 0.0696609134249579, 0.05233595702209755, -0.9961969206654784, 0.0, -0.04310833915331283, -0.3366990260603205, -0.14944558833893584, 1.0]}, {"id": 15, "mat": [-0.8763066538829425, -2.167474180372193e-18, -0.48175372168825115, 0.0, -0.015132250312355239, 0.9995065603510271, 0.027525457593704186, 0.0, 0.48151600530093, 0.03141075954603108, -0.8758742494352578, 0.0, 0.21176899334804566, -0.4390922251254737, -0.09316596416407152, 1.0]}, {"id": 16, "mat": [-0.9650164811618817, 0.0, -0.2621892276313808, 0.0, 0.019202266623631933, 0.9973144771444591, -0.07067606833001579, 0.0, 0.2614851124681001, -0.07323819821701043, -0.9624249073457477, 0.0, 0.02715948581026628, -0.5640802204087878, -0.22650125351710765, 1.0]}, {"id": 17, "mat": [-0.9975640469217194, -7.223197534802929e-19, -0.06975652148123163, 0.0, -0.013787888712816804, 0.980271174035698, 0.1971758592716596, 0.0, 0.0683803072090533, 0.19765734328548062, -0.9778832794517559, 0.0, 0.22968786675411623, -0.6006133246603108, -0.04498387486949634, 1.0]}, {"id": 18, "mat": [0.5150381420111416, -1.7337113377792872e-16, -0.8571672603837078, 0.0, -0.13704492166476598, 0.9871362646905344, -0.08234491106751711, 0.0, 0.846140887630192, 0.15988119005317405, 0.5084128276780314, 0.0, 0.31918964082331575, -0.43757799864231134, 0.020423879108876608, 1.0]}, {"id": 19, "mat": [0.9997806815075343, -9.02953975578065e-19, 0.02094251380160079, 0.0, 0.0032761309915670515, 0.9876883402289764, -0.15640015838053295, 0.0, -0.020684676696925516, 0.15643446735208227, 0.9874717219111715, 0.0, 0.0028131582658197226, -0.38005771398832566, 0.13460990379658255, 1.0]}, {"id": 20, "mat": [-0.038387926606447714, 1.0206819671974092e-13, 0.9992629118959924, 0.0, 0.22818255863463244, 0.9735789021141031, 0.008765916566460199, 0.0, -0.9728612886870412, 0.2283508733469124, -0.037373675439965386, 0.0, -0.28495549089890276, -0.47085180931612464, -0.07941106095038233, 1.0]}, {"id": 21, "mat": [0.3518415438693935, 2.8879058941043336e-17, 0.936059575031206, 0.0, 0.07507097214147164, 0.9967788783603019, -0.028217313772097366, 0.0, -0.9330444132780261, 0.08019892552134729, 0.350708219458691, 0.0, -0.09808935801342239, -0.6461808910507107, 0.1474135501916795, 1.0]}, {"id": 22, "mat": [0.9955619556592061, -2.4099029907630778e-14, 0.09410840793476943, 0.0, -0.006892330233501752, 0.9973144771449962, 0.07291316383860494, 0.0, -0.09385567765441433, -0.07323819820969717, 0.9928883512737109, 0.0, 0.23210229476118377, -0.6634565339883254, 0.07007591484188197, 1.0]}, {"id": 23, "mat": [0.9191352999947886, -1.5894310211792154e-17, 0.39394200119242184, 0.0, -0.017870386589812083, 0.9989705697600406, 0.041694724323712865, 0.0, -0.3935364653836043, -0.04536298880474863, 0.9181891143223598, 0.0, 0.017736146914662132, -0.7042074500090212, 0.2910637360377573, 1.0]}, {"id": 24, "mat": [0.5417081190787459, -7.800829998821774e-17, 0.8405666622726407, 0.0, -0.03813061609043079, 0.9989705697600346, 0.024573499341282903, 0.0, -0.8397013575317902, -0.04536298880488201, 0.5411504683597315, 0.0, -0.09666061614183552, -0.6915656832554451, 0.04496908283236534, 1.0]}]}