{"markers": [{"id": 0, "mat": [0.748353, -0.027524, -0.662729, 0.0, 0.051151, 0.998558, 0.016288, 0.0, 0.661325, -0.046088, 0.748682, 0.0, 0.08869800421292894, 0.1341200750041751, 0.22753791581257254, 1.0]}, {"id": 1, "mat": [0.7469936760457792, -0.205365, 0.6323171242285168, 0.0, 0.1917895664398267, 0.977226, 0.09081262048208763, 0.0, -0.6365660486384905, 0.053436, 0.7693686512269572, 0.0, -0.5285195912973799, 0.055822071285219765, -0.46238330270158434, 1.0]}, {"id": 2, "mat": [0.34110948970724797, -0.929854, 0.1378980535310852, 0.0, 0.22071566244622814, 0.221821, 0.9497794244575583, 0.0, -0.9137443254573765, -0.293542, 0.2808991438514039, 0.0, -0.464888308172114, 0.35005808526067983, -0.04018040967169936, 1.0]}, {"id": 3, "mat": [0.6656248006551573, -0.701166, 0.2555597775448832, 0.0, 0.6663687504217585, 0.712587, 0.21948114391298418, 0.0, -0.336000976985646, 0.024205, 0.9415504393869227, 0.0, -0.06565378734692996, -0.06234593432745905, 0.22810249478689415, 1.0]}, {"id": 4, "mat": [0.9455268297482591, 0.146386, 0.2907763468633962, 0.0, -0.20200532324041975, 0.964265, 0.17142771139910443, 0.0, -0.2552908279365222, -0.220828, 0.9413082484120173, 0.0, -0.21864372556041672, 0.5120670929556945, 0.37624680934099847, 1.0]}, {"id": 5, "mat": [0.6761797649308373, -0.068979, -0.7335004580115143, 0.0, 0.08204448452990645, 0.996465, -0.018075118373667945, 0.0, 0.7321535083947408, -0.047958, 0.6794487000372402, 0.0, 0.3250072508245989, 0.32692508416192134, 0.23197768343242522, 1.0]}, {"id": 6, "mat": [0.17444453740345534, -0.202783, -0.9635599285644474, 0.0, 0.32944507321185884, 0.934188, -0.13695827732720917, 0.0, 0.9279198298104719, -0.293549, 0.22977025646617522, 0.0, 0.38830404864667944, 0.04612907082482698, -0.2689440572337446, 1.0]}, {"id": 7, "mat": [0.8948248629192258, -0.027464, -0.44557177994755076, 0.0, -0.019485594355191024, 0.994752, -0.10044454635581448, 0.0, 0.4459918086129533, 0.098563, 0.8895936831364004, 0.0, 0.47414900100194246, 0.37487808643956666, -0.5546697380811757, 1.0]}, {"id": 8, "mat": [0.5575032998629548, -0.777778, -0.2902618657814563, 0.0, 0.6564969791290894, 0.627053, -0.4193048599126942, 0.0, 0.5081356072468776, 0.043208, 0.8601928277688015, 0.0, 0.28273719977488926, -0.37172794902231554, -0.2848324128400716, 1.0]}, {"id": 9, "mat": [0.9150723670166026, 0.138435, 0.3787857945444689, 0.0, -0.0828467500074069, 0.983734, -0.1593833640321723, 0.0, -0.3946885356800692, 0.114466, 0.911656523142228, 0.0, -0.10937894296032269, 0.41141208817483865, 0.4160869334392063, 1.0]}, {"id": 10, "mat": [0.05807210688274488, 0.143545, 0.9879384783918835, 0.0, 0.028339639626448667, 0.988973, -0.14536053292020024, 0.0, -0.9979104807741295, 0.036439, 0.0533641329566816, 0.0, -0.47777454433169253, 0.44055508955905687, -0.21973497545517884, 1.0]}, {"id": 11, "mat": [0.6357523307630294, -0.478941, 0.6053389814719036, 0.0, 0.2826973113735248, 0.874208, 0.39476823400471395, 0.0, -0.718262962263918, -0.079847, 0.6911749402205977, 0.0, -0.22216015575190726, -0.07607493497955153, 0.11941150152139036, 1.0]}, {"id": 12, "mat": [0.686945713206215, -0.489243, 0.5373526354086948, 0.0, 0.3176442353573346, 0.867202, 0.3834871102100766, 0.0, -0.6536122781581538, -0.092748, 0.7511251051382805, 0.0, -0.22917195539425933, -0.2618819438049105, -0.12759686453609248, 1.0]}, {"id": 13, "mat": [0.8459064504707607, -0.185974, 0.4998558525335699, 0.0, 0.18842667419176698, 0.981004, 0.0461131205518964, 0.0, -0.49893649430713916, 0.055179, 0.864880032274193, 0.0, -0.5293497040341919, 0.4949160921410656, -0.5226878434956398, 1.0]}, {"id": 14, "mat": [0.5712437095114594, -0.26013, 0.778468634461715, 0.0, 0.006280993674139215, 0.949807, 0.31277433324279647, 0.0, -0.8207561312517164, -0.173781, 0.544205203853123, 0.0, -0.4124283436779935, 0.1746730769303393, 0.15580034273289398, 1.0]}, {"id": 15, "mat": [0.7199837520114701, -0.200781, 0.6643121308756885, 0.0, 0.08434382784296407, 0.975454, 0.20340834292084015, 0.0, -0.6888462728349153, -0.09042, 0.719246026910515, 0.0, -0.41492119871404476, -0.2326289424154675, -0.2485538932714392, 1.0]}, {"id": 16, "mat": [0.6017234441844819, -0.49322, 0.6282223360443023, 0.0, 0.25146335309662987, 0.863539, 0.43711275384557857, 0.0, -0.7580866532725717, -0.105046, 0.6436379881977501, 0.0, -0.10866038204274658, 0.12141407440067264, 0.21601799590595486, 1.0]}, {"id": 17, "mat": [0.5378270068389207, 0.830341, -0.1458635374751699, 0.0, -0.6715313636511305, 0.526545, 0.5213400318918986, 0.0, 0.5096929205729306, -0.182439, 0.8407910504608705, 0.0, 0.22219004769949235, 0.38830308707721994, 0.37319772833156084, 1.0]}, {"id": 18, "mat": [0.7652421591592736, -0.195167, -0.6134452173874553, 0.0, 0.13538038522594323, 0.980414, -0.14303826159838104, 0.0, 0.629346110709613, 0.026411, 0.7766766659067236, 0.0, 0.17215390229801125, -0.09327693579660279, 0.17436916401195524, 1.0]}, {"id": 19, "mat": [0.7642254936073126, -0.255259, -0.5922862924143658, 0.0, 0.13444401547698898, 0.961221, -0.24078762580217297, 0.0, 0.6307807883475378, 0.104387, 0.7689073919243931, 0.0, 0.45124996567483766, -0.1425139381352345, -0.47899565600961314, 1.0]}, {"id": 20, "mat": [0.992157056678222, -0.07259, -0.10175976607652809, 0.0, 0.08673486864003122, 0.986016, 0.1422979168048713, 0.0, 0.09000691965609743, -0.150008, 0.9845793099143193, 0.0, 0.028597482959766003, -0.6140269605309006, 0.008757185668326827, 1.0]}, {"id": 21, "mat": [0.4718666019415727, -0.12733, -0.8724269900859699, 0.0, 0.10756966942767375, 0.990439, -0.08637305190409675, 0.0, 0.8750831691825451, -0.05309, 0.48105139821622944, 0.0, 0.31706497216015905, 0.02759306994441424, -0.026730653057926407, 1.0]}, {"id": 22, "mat": [0.48723284685631113, -0.105538, -0.8668716286017486, 0.0, 0.6494593322989486, 0.707398, 0.2789113997598206, 0.0, 0.5837868872505967, -0.698892, 0.4132096550365709, 0.0, 0.12656144226538565, -0.2939419453276788, 0.0874281091338553, 1.0]}, {"id": 23, "mat": [0.8463687127493331, -0.350416, -0.40108383524688507, 0.0, 0.2933868085647646, 0.935263, -0.1980089389831351, 0.0, 0.444504904098576, 0.049916, 0.894384271110954, 0.0, 0.4239203964761551, -0.36609794875490476, -0.4555449137382328, 1.0]}, {"id": 24, "mat": [0.879045439008206, -0.044653, 0.47464155562301774, 0.0, -0.1077174488493414, 0.951254, 0.2889853220933973, 0.0, -0.46440864256815406, -0.305159, 0.8313856273068104, 0.0, -0.2798837862262885, -0.484326954370481, -0.13867307993814126, 1.0]}]}