[-0.25563255317172684 0.9659258262890683 0.040488218862836295 0.0 -0.1298731460638307 0.007189423069107325 -0.9915045527517342 0.0 -0.9580109413208114 -0.2587191726635544 0.12360997534947891 0.0 -3.163566538700064 -1.1971863094445694 0.48187728330610563 1.0]
[-0.24615153938604156 0.9659258262890683 0.07997948340457497 0.0 -0.32651072943734716 -0.004944546945862407 -0.9451805621243974 0.0 -0.9125788531519747 -0.2587718098311345 0.3166022539663065 0.0 -3.0483796049846528 -1.1983631568642046 0.9734698026772596 1.0]
[-0.23060945777054936 0.9659258262890683 0.11750138762820575 0.0 -0.5055147436012069 -0.01574764797389452 -0.8626742465062326 0.0 -0.831428963886019 -0.258339524059078 0.49192130297472353 0.0 -2.8597519065523103 -1.2017449279513148 1.436026511734906 1.0]
[-0.20938900595583526 0.9659258262890683 0.1521300177236822 0.0 -0.551624826705981 0.011774884922634671 -0.8340092341495119 0.0 -0.807382372080555 -0.2585510591601577 0.530363135088344 0.0 -2.600176397054717 -1.197249136446114 1.8653293905110682 1.0]
[-0.18301270189221927 0.9659258262890683 0.18301270189221938 0.0 -0.6749766591483625 0.011892301219328383 -0.7377432363475953 0.0 -0.7147816873360879 -0.25854568509160897 0.6498009450358514 0.0 -2.267513754596485 -1.2006855496564364 2.2579696449974196 1.0]
[-0.1521300177236821 0.9659258262890683 0.20938900595583532 0.0 -0.7837468115754926 0.011175752460696277 -0.620979901367336 0.0 -0.6021606040357019 -0.258577649197911 0.7553411191525593 0.0 -1.867360904280484 -1.2022809568175654 2.5987004159050078 1.0]
[-0.11750138762820563 0.9659258262890683 0.23060945777054945 0.0 -0.8734448541723662 0.009974392850313015 -0.4868209097882726 0.0 -0.4725330788688344 -0.25862677663971356 0.842510937483717 0.0 -1.46679585126558 -1.2023865663639077 2.844074144997297 1.0]
[-0.07997948340457485 0.9659258262890683 0.24615153938604162 0.0 -0.9314641274683546 0.015507085579354572 -0.36350255781280455 0.0 -0.3549336015002722 -0.2583540756493213 0.8984850082897491 0.0 -0.9824872630159507 -1.2025262084233739 3.045449654510613 1.0]
[-0.040488218862836156 0.9659258262890683 0.25563255317172684 0.0 -0.9943909193273411 -0.01393402933750629 -0.10484532600811056 0.0 -0.09771081666141443 -0.2584436900645906 0.9610720344350663 0.0 -0.481954002488376 -1.1970379436807632 3.163554387575318 1.0]
[6.121085148324977e-17 0.9659258262890683 0.25881904510252074 0.0 -0.9996490665858458 -0.006856231668245015 0.02558780493435336 0.0 0.026490444957515603 -0.2587282168513748 0.965586850641029 0.0 0.0006574246380819555 -1.1982231601320803 3.2 1.0]
[0.04048821886283628 0.9659258262890683 0.25563255317172684 0.0 -0.9875656559263299 -0.00020958608364909343 0.15720696965615527 0.0 0.15190384908919474 -0.2588189602433605 0.9539066864481206 0.0 0.5164581889144888 -1.1953033668650535 3.158089461319365 1.0]
[0.07997948340457496 0.9659258262890683 0.24615153938604156 0.0 -0.9500336646431511 -0.0008821267122009978 0.3121462123703701 0.0 0.30172722495499454 -0.258817541832551 0.9175915004841282 0.0 0.9919134717507578 -1.2020043478801863 3.042386893631871 1.0]
[0.11750138762820574 0.9659258262890683 0.2306094577705494 0.0 -0.8952145679045226 0.0025083212696940657 0.4456283044600365 0.0 0.4298654455954388 -0.25880689023321746 0.8650056024389935 0.0 1.4635966827968363 -1.1975991497099407 2.845704202749342 1.0]
[0.1521300177236822 0.9659258262890683 0.20938900595583526 0.0 -0.8295978429068785 0.009637821210156078 0.5582781846414698 0.0 0.5372372629961981 -0.25863953779362836 0.8027961838089741 0.0 1.865505760949998 -1.1981692940769144 2.6000482564301515 1.0]
[0.18301270189221935 0.9659258262890683 0.18301270189221927 0.0 -0.6934587794475997 -0.005119318085107882 0.720478114719239 0.0 0.6968653185179724 -0.2587684113065661 0.6688928443007303 0.0 2.270927950149279 -1.203120448336489 2.2545554494446254 1.0]
[0.20938900595583532 0.9659258262890683 0.1521300177236821 0.0 -0.5896563854695889 0.0006202847806684924 0.8076539867553002 0.0 0.7800394805775968 -0.25881830181533055 0.5696942121749716 0.0 2.592807712837382 -1.1994717379334066 1.8754715142454692 1.0]
[0.23060945777054942 0.9659258262890683 0.11750138762820564 0.0 -0.44857726096833617 -0.0016252121961899894 0.8937425801803685 0.0 0.8634800049386889 -0.25881394242408584 0.4329175721520017 0.0 2.8444409070660033 -1.2045365920195266 1.4660760401765156 1.0]
[0.24615153938604162 0.9659258262890683 0.07997948340457486 0.0 -0.2852937874587967 -0.006654954518774928 0.9584170107097264 0.0 0.9262920028237839 -0.25873347229945665 0.2739345100869355 0.0 3.042787916100547 -1.1950271641481516 0.9906792515008775 1.0]
[0.25563255317172684 0.9659258262890683 0.04048821886283617 0.0 -0.1371616555536228 -0.00521987341006636 0.9905349227399164 0.0 0.9569946070927953 -0.25876640243540805 0.13115361590876123 0.0 3.160402671766384 -1.2049617698144617 0.5018531529508601 1.0]
[-0.25881904510252074 0.9659258262890683 7.69991197201986e-17 0.0 -0.04976363587808569 -0.013334126045969423 -0.998672009033388 0.0 -0.9646430855173392 -0.25847533574863746 0.0515191068751827 0.0 -3.2 -1.199947032665665 -0.0005849598766134082 1.0]
[-0.17682235156069107 0.9832549075639546 0.04408676377266194 0.0 -0.2497076763311898 -0.0014887268942151994 -0.968320122724666 0.0 -0.9520398796110513 -0.18222944450234593 0.24578953839930073 0.0 -3.101703398519319 -0.8869697837316829 0.7871567299393822 1.0]
[-0.16774868568697765 0.9832549075639546 0.07120509252638264 0.0 -0.441901090980421 -0.01043181860161554 -0.8970031231556426 0.0 -0.8812399243342334 -0.18193670303724346 0.43625134022411055 0.0 -2.940199684318509 -0.8855091987800641 1.2630985464958369 1.0]
[-0.15454449044568147 0.9832549075639546 0.0965701155859503 0.0 -0.48205902297106384 0.010275498698647587 -0.8760784853531546 0.0 -0.862400776231717 -0.1819455986768936 0.47239887836132594 0.0 -2.7149851309400255 -0.8902436048387629 1.6937712764831865 1.0]
[-0.13753489694585486 0.9832549075639546 0.11955726190195315 0.0 -0.6708127626996434 -0.00365559087991365 -0.7416177411946067 0.0 -0.7287622311298556 -0.1821988567656719 0.6600827122959041 0.0 -2.403373246707798 -0.8928442926021277 2.11284522368577 1.0]
[-0.11713873783106782 0.9832549075639546 0.13960051164212645 0.0 -0.7754014261374249 -0.0027226105253279477 -0.6314627587878598 0.0 -0.6205087786996989 -0.182215186368553 0.7627361807422548 0.0 -2.0709149367856337 -0.893501130056117 2.439599366206946 1.0]
[-0.09385823422969768 0.9832549075639546 0.15620633347813506 0.0 -0.8799793595743002 -0.008548601991110284 -0.4749349935803869 0.0 -0.46564681743837544 -0.18203490916688678 0.8660463805444346 0.0 -1.6322072892958153 -0.8852334070345634 2.752497788861478 1.0]
[-0.0682666294039719 0.9832549075639546 0.16896583696481338 0.0 -0.9284245620313898 -0.0006164728407058668 -0.3715204605106678 0.0 -0.3651951532080386 -0.1822344827759988 0.9129200914432333 0.0 -1.2040786381306143 -0.8864666908393624 2.9648318287956195 1.0]
[-0.0409940735983668 0.9832549075639546 0.17756484077995516 0.0 -0.965675518748396 0.00663175823359642 -0.2596667330882946 0.0 -0.25649615673500487 -0.18211481689892853 0.9492333301386133 0.0 -0.7237079558033364 -0.8872537381160887 3.117091998279358 1.0]
[-0.012712107649239801 0.9832549075639546 0.18179160891117407 0.0 -0.9948362325379007 0.005871566025575875 -0.10132322114008763 0.0 -0.10069395587079662 -0.18214091101069643 0.9781029678859398 0.0 -0.23392884576230566 -0.8875440182122414 3.191456175453968 1.0]
[0.01588287257927797 0.9832549075639546 0.18154206429924044 0.0 -0.9985430660813458 0.006233582095366832 0.05359932495027837 0.0 0.051570141937904636 -0.18212888075662095 0.9819213773285747 0.0 0.2835323206146314 -0.8935061143128943 3.187417616341734 1.0]
[0.04408676377266195 0.9832549075639546 0.17682235156069107 0.0 -0.9680004180471704 -0.0017251518701332398 0.25094265183808095 0.0 0.2470456393473822 -0.18222735964290354 0.9517151052058693 0.0 0.7823649617279412 -0.8858420020796741 3.102898120517565 1.0]
[0.07120509252638266 0.9832549075639546 0.16774868568697765 0.0 -0.9221454321811359 0.0007822128750729077 0.38684259079176414 0.0 0.38023366066903586 -0.18223384673110865 0.9067597192199306 0.0 1.2669305835772675 -0.8931817060772937 2.9385730810826605 1.0]
[0.0965701155859503 0.9832549075639546 0.15454449044568147 0.0 -0.8327329403904743 -0.005234104769964681 0.5536501188800483 0.0 0.5451880985167878 -0.18216034392440128 0.8182832922264714 0.0 1.7082193856843846 -0.8915122533344285 2.705956950307158 1.0]
[0.11955726190195315 0.9832549075639546 0.13753489694585486 0.0 -0.7828597521671076 0.008166726493106532 0.6221446078005028 0.0 0.6106035289476819 -0.18205244115305327 0.7707270847108276 0.0 2.108070135896747 -0.8883295002475364 2.407524167194704 1.0]
[0.13960051164212645 0.9832549075639546 0.11713873783106785 0.0 -0.6261472464317932 -0.003988761022689229 0.7796946296925401 0.0 0.7671058094781579 -0.18219186737311577 0.6151055198321319 0.0 2.4488975963566633 -0.8899237192993515 2.0598337375999405 1.0]
[0.15620633347813506 0.9832549075639546 0.09385823422969768 0.0 -0.49456851527518947 -0.004393613209311254 0.8691275394678628 0.0 0.854986295258475 -0.18218255381448054 0.4856006095608011 0.0 2.7334205232429665 -0.8868150718885845 1.6639571910440554 1.0]
[0.16896583696481338 0.9832549075639546 0.06826662940397189 0.0 -0.3762607193595276 0.0003307741937892376 0.9265137676556585 0.0 0.910976628133692 -0.1822352252991497 0.3700160883722993 0.0 2.9737153853555833 -0.8937845252835597 1.182091064077468 1.0]
[0.17756484077995516 0.9832549075639546 0.04099407359836679 0.0 -0.2701992313201272 0.008655133540787393 0.9627655291177617 0.0 0.9462891221570718 -0.18202987506118404 0.26721156762462245 0.0 3.1185080797106934 -0.8871855153295406 0.7175742332474856 1.0]
[0.18179160891117407 0.9832549075639546 0.012712107649239789 0.0 -0.04159532481938504 -0.0052267738231540906 0.9991208684581517 0.0 0.9824569404725362 -0.18216055442054604 0.039948623637651115 0.0 3.1915247953900785 -0.892213633975178 0.2329475349574277 1.0]
[-0.18154206429924044 0.9832549075639546 0.01588287257927796 0.0 -0.14044471188520552 -0.00993838449302028 -0.9900386413757548 0.0 -0.9733025027161145 -0.18196432415467606 0.13989718703919646 0.0 -3.189276083103405 -0.8908740800847537 0.262289948325787 1.0]
[-0.09883360369841719 0.9945218953682733 0.034031138874292696 0.0 -0.2813228025815822 0.004878888446292832 -0.9596007905348831 0.0 -0.9545100311299134 -0.10441453960357155 0.27929948870655996 0.0 -3.0320742643108813 -0.5794131680473151 1.0231880972905956 1.0]
[-0.09229315502741736 0.9945218953682733 0.04907314100587292 0.0 -0.5064985552269446 -0.004458474510280142 -0.862229282475409 0.0 -0.857287108901156 -0.10443333585660453 0.5041353898247561 0.0 -2.8217082315163746 -0.5833168642865817 1.5093129497080007 1.0]
[-0.0834801425762221 0.9945218953682733 0.06290679954147096 0.0 -0.6058923193825891 -0.0005376392550055004 -0.7955464840329685 0.0 -0.7911545759891933 -0.10452708059220184 0.6026180600631141 0.0 -2.5503699509777804 -0.5814947952669435 1.9327932149305842 1.0]
[-0.07261157196009127 0.9945218953682733 0.07519148389665993 0.0 -0.7235776647096154 -0.0006432646156324876 -0.6902426742414685 0.0 -0.6864130846297032 -0.10452648393460605 0.7196605390080829 0.0 -2.2268792682914578 -0.5800415936904222 2.2980511790137212 1.0]
[-0.05995506345831185 0.9945218953682733 0.08562470437208516 0.0 -0.8237308846749423 -0.0008439357691917448 -0.566980350104882 0.0 -0.5638021106721283 -0.10452505635260217 0.8192689989229046 0.0 -1.8483536130386835 -0.578193210753241 2.6122475509098204 1.0]
[-0.04582226231474115 0.9945218953682733 0.09394956045376814 0.0 -0.8958867735979266 0.0006923234065093817 -0.4442819032783109 0.0 -0.44191312400590305 -0.1045261705095809 0.8909472882892373 0.0 -1.3848731856405003 -0.5767270371215777 2.884878425852713 1.0]
[-0.03056116499761176 0.9945218953682733 0.09996106655636448 0.0 -0.9721761875167264 -0.006338166141401363 -0.23416508722567236 0.0 -0.23224873652924677 -0.1043361264522561 0.9670442063822662 0.0 -0.9181619415581829 -0.5807606683993213 3.065503344676884 1.0]
[-0.014547550371549568 0.9945218953682733 0.10351119944858338 0.0 -0.9940613907287189 -0.0032195618680969126 -0.10877309356574733 0.0 -0.10784396246741193 -0.10447886893757358 0.9886626551583976 0.0 -0.42719348638472027 -0.578985285612979 3.171410102903645 1.0]
[0.0018242732252118097 0.9945218953682733 0.10451254307640283 0.0 -0.9999121310813943 0.0031864014100438163 -0.01286767120805318 0.0 -0.013130199673434723 -0.1044798855242063 0.9944403206715748 0.0 0.04953684737346308 -0.5771415347889227 3.199622780853262 1.0]
[0.01815117716075275 0.9945218953682733 0.10294044103643693 0.0 -0.9877380299612044 0.0018688930696439516 0.15610922908993227 0.0 0.15506166172216035 -0.10451175470630764 0.9823610202935429 0.0 0.5636294408368352 -0.5783328315970274 3.1499820804932246 1.0]
[0.03403113887429269 0.9945218953682733 0.0988336036984172 0.0 -0.94417524567094 -0.00043107588315992285 0.32944334814320225 0.0 0.32768122779484754 -0.10452757438437064 0.9389882848812231 0.0 1.0282527326978752 -0.5779389045309591 3.030330370488911 1.0]
[0.049073141005872914 0.9945218953682733 0.09229315502741738 0.0 -0.8645026246607471 -0.003985668203266925 0.502612501240919 0.0 0.5002269872632794 -0.10445244890413363 0.8595711995707116 0.0 1.5036923190093585 -0.5799269876556327 2.8246967738707287 1.0]
[0.06290679954147094 0.9945218953682733 0.0834801425762221 0.0 -0.7780906331368367 -0.0035094357851628236 0.6281422215431682 0.0 0.6249941609296569 -0.10446953380563637 0.7736074038621056 0.0 1.9376787999468774 -0.5809131461703925 2.5466883986016313 1.0]
[0.07519148389665992 0.9945218953682733 0.07261157196009127 0.0 -0.7175975335596506 0.00340557210302531 0.6964496980455639 0.0 0.6923871897851116 -0.10447297120187726 0.7139225292072853 0.0 2.289145549227714 -0.5767429509009496 2.236101317898264 1.0]
[0.08562470437208516 0.9945218953682733 0.05995506345831186 0.0 -0.5915367627263973 0.0023226343106274674 0.8062746825449953 0.0 0.8017185717846175 -0.10450265548279755 0.5884951373228811 0.0 2.6310346063620424 -0.5754254506829993 1.8215229172420397 1.0]
[0.09394956045376814 0.9945218953682733 0.04582226231474115 0.0 -0.39749441666196017 -0.004727633031970051 0.9175924139880861 0.0 0.9127823775758993 -0.10442149739882207 0.3948727416116185 0.0 2.86803400238447 -0.575553796562753 1.4194093717866274 1.0]
[0.09996106655636448 0.9945218953682733 0.03056116499761176 0.0 -0.33242275887770095 0.00443075742234961 0.9431200760077171 0.0 0.937818156442416 -0.10443451547147369 0.33104461546019226 0.0 3.060288196853644 -0.5824061440880642 0.93521992147161 1.0]
[0.10351119944858339 0.9945218953682733 0.01454755037154957 0.0 -0.15152030659408963 0.0013116602852414681 0.988453274685723 0.0 0.9830193427793519 -0.1045202333540894 0.1508260340301303 0.0 3.1707503214585686 -0.584670924068679 0.43188807530240897 1.0]
[-0.10451254307640283 0.9945218953682733 0.0018242732252118188 0.0 0.002094798588636933 0.0020544526067222233 -0.9999956955124156 0.0 -0.9945213623440052 -0.10450827171848127 -0.002298039129344471 0.0 -3.1992252553471254 -0.5771199806661025 0.07231106836725365 1.0]
[-0.10294044103643693 0.9945218953682733 0.01815117716075276 0.0 -0.22411066100154906 -0.005410483657483238 -0.974548684413478 0.0 -0.969111798104157 -0.10438834369645533 0.2234399169254189 0.0 -3.150234985375316 -0.5815986045931435 0.5621951459769365 1.0]
[-0.023913832221602666 0.9996573249755573 0.010647124080713131 0.0 -0.36495120249722046 0.0011857727159609074 -0.9310258931624291 0.0 -0.9307194789109712 -0.02615007773944747 0.3647977864652019 0.0 -2.9239650260835837 -0.2663569103967728 1.3001656996440336 1.0]
[-0.02195383610444195 0.9996573249755573 0.01425698786603833 0.0 -0.5597921978885939 -0.0004759401801093701 -0.8286328913722907 0.0 -0.8283421541026128 -0.02617262126073773 0.5596108197962091 0.0 -2.6798733248937667 -0.26952796979700655 1.7488080276201168 1.0]
[-0.019453263681785123 0.9996573249755573 0.017515797293871697 0.0 -0.6836855941002615 -0.0005174762115813371 -0.7297765004699335 0.0 -0.7295173602813708 -0.026171832971412422 0.683461378723785 0.0 -2.3830595925444875 -0.272094610042817 2.135669152503083 1.0]
[-0.01647368734560206 0.9996573249755573 0.020343309660731546 0.0 -0.7721045878025311 0.0002087425998196858 -0.635495446026807 0.0 -0.635281924124654 -0.02617611600753793 0.7718365680837085 0.0 -2.0113837047756884 -0.2722874098683694 2.488844202102163 1.0]
[-0.013088474153936522 0.9996573249755573 0.022669902228170263 0.0 -0.8378697996672063 0.0014088268142641099 -0.5458683119696938 0.0 -0.5457131944986828 -0.026139009731060467 0.8375642432197797 0.0 -1.5918990058539697 -0.26736603979811446 2.775958403261118 1.0]
[-0.009380979290445762 0.9996573249755573 0.024438286565659443 0.0 -0.9407621123088692 -0.0005392408050706953 -0.33906689201912465 0.0 -0.33893752414229206 -0.026171393582826455 0.9404447952358639 0.0 -1.132642855061869 -0.26976863837087467 2.9928831230404103 1.0]
[-0.005442493583138932 0.9996573249755573 0.025604919181878988 0.0 -0.9803908525418319 -0.00029009684136743893 -0.19706266032945607 0.0 -0.1969877039713328 -0.0261753408103064 0.9800564759326714 0.0 -0.6843993295961135 -0.27235369228482315 3.126016335259876 1.0]
[-0.001369995621214591 0.9996573249755573 0.0261410737099859 0.0 -0.9956837975589697 0.0010622868523730486 -0.0928043470166765 0.0 -0.0928003146037032 -0.02615538509287024 0.9953411462609678 0.0 -0.1872798694790689 -0.26679915445886976 3.194576585129531 1.0]
[0.0027362361796588438 0.9996573249755573 0.026033548246103315 0.0 -0.9963049847874884 0.0004904171254399737 0.08588443851272243 0.0 0.08584224076275997 -0.02617235399722651 0.9959649178495557 0.0 0.3399946123854981 -0.2730787209208697 3.1818916208740244 1.0]
[0.006775092764741835 0.9996573249755573 0.02528499042400859 0.0 -0.9774974444008352 0.001289377907964503 0.21094331867695332 0.0 0.21083843176201386 -0.026145174073306843 0.9771712160951177 0.0 0.8234442091188068 -0.2715115125828155 3.092242566466797 1.0]
[0.010647124080713131 0.9996573249755573 0.023913832221602666 0.0 -0.9304459718301917 0.0011442842713224534 0.36642732447031856 0.0 0.366274394755871 -0.02615192605181246 0.9301393145706727 0.0 1.3065579229539452 -0.2741304248911237 2.921119024903113 1.0]
[0.014256987866038332 0.9996573249755573 0.021953836104441952 0.0 -0.8593244003133803 0.0010238805447177317 0.5114298844364489 0.0 0.5112321520826295 -0.026156916701767657 0.859044528756001 0.0 1.7536925028928931 -0.268644276994127 2.6767013095628402 1.0]
[0.017515797293871697 0.9996573249755573 0.019453263681785123 0.0 -0.7337507687625441 -0.0003648050604184805 0.6794186310792805 0.0 0.6791929079323012 -0.026174406201114785 0.7334929408484335 0.0 2.1304292790673887 -0.27200091105046703 2.3877775957775955 1.0]
[0.020343309660731546 0.9996573249755573 0.016473687345602065 0.0 -0.6345908439574582 0.00017807851061930416 0.7728482574564072 0.0 0.7725804880511858 -0.026176342577929383 0.6343770082307795 0.0 2.4931326656488575 -0.2664076660660952 2.0060878933359714 1.0]
[0.02266990222817026 0.9996573249755573 0.013088474153936528 0.0 -0.5468462429019847 0.0014393570985815408 0.8372318166882614 0.0 0.8369260792668304 -0.02613734634303617 0.546691482437028 0.0 2.7682929237108667 -0.2710784964787482 1.6051760058993854 1.0]
[0.024438286565659443 0.9996573249755573 0.009380979290445764 0.0 -0.32669261677093026 -0.0008827418366022486 0.945130231721646 0.0 0.9448146401792771 -0.026162060116951324 0.3265590946725266 0.0 2.9933001810506163 -0.26835849105436643 1.1315563818001388 1.0]
[0.025604919181878988 0.9996573249755573 0.0054424935831389335 0.0 -0.16449790211601265 -0.0011567900713224792 0.986376754610611 0.0 0.9860450437546553 -0.02615137586139499 0.16441191327709764 0.0 3.1267986417041542 -0.26651565451636783 0.6807188671435227 1.0]
[0.0261410737099859 0.9996573249755573 0.0013699956212145945 0.0 -0.09256718566263669 0.001056054810546325 0.9957058807131431 0.0 0.9953632303856658 -0.026155637460214674 0.0925630716066714 0.0 3.1956806250749468 -0.27256360671052293 0.16621353237188777 1.0]
[-0.026033548246103315 0.9996573249755573 0.002736236179658843 0.0 -0.11783370901500298 -0.0003505760954662431 -0.9930332794605469 0.0 -0.9926920324982393 -0.02617460064861259 0.11780245708558135 0.0 -3.1843909776893313 -0.2723040726074104 0.3162148207435251 1.0]
[-0.02528499042400859 0.9996573249755573 0.006775092764741834 0.0 -0.25478738742282164 0.00010923578045773195 -0.9669970916594306 0.0 -0.9666664659899561 -0.02617672038772869 0.254697316122946 0.0 -3.0920625122794068 -0.2704837420154026 0.8241161804942638 1.0]
[0.0457740587220638 0.9986295347545738 -0.02537297507137046 0.0 -0.4384434650900255 -0.0027384941201576375 -0.8987545986362491 0.0 -0.8975923704376951 0.052264260884635046 0.43771724156836933 0.0 -2.7903466293800894 0.04249808910905327 1.5666105136450712 1.0]
[0.041241296319730635 0.9986295347545738 -0.03222123203310985 0.0 -0.5916026578939791 -0.001581370280418975 -0.8062281280387182 0.0 -0.8051741741080919 0.05231205964115291 0.5907266692519078 0.0 -2.524804201420142 0.038246001153336776 1.9660595750111423 1.0]
[0.03569303632999042 0.9986295347545738 -0.038276095326055866 0.0 -0.7536956204405995 0.0017482153685997991 -0.6572213139207255 0.0 -0.6562537000933447 0.0523067496494317 0.7527251059018198 0.0 -2.172825387416075 0.0417871840290214 2.349255422207106 1.0]
[0.029265895327409776 0.9986295347545738 -0.043388474120997 0.0 -0.8517798116051224 0.0022000951881063283 -0.5238953255404227 0.0 -0.5230818864313955 0.05228969207240184 0.8506768647320474 0.0 -1.7922003830028066 0.04054697863195748 2.651043012988845 1.0]
[0.022118130853930287 0.9986295347545738 -0.04743248468498934 0.0 -0.916591786833026 0.0013105335025065071 -0.3998221839920581 0.0 -0.3992120797242598 0.052319545275185064 0.9153646161964252 0.0 -1.3584675038323775 0.04304959518011322 2.897345540288231 1.0]
[0.014425744592959268 0.9986295347545738 -0.05030855005664582 0.0 -0.9579137691777101 -0.0006235778668292937 -0.28705543361935654 0.0 -0.2866934054223981 0.05233224117604111 0.9565919860738962 0.0 -0.89748594268792 0.040902798534695736 3.071608241907972 1.0]
[0.006378148623808155 0.9986295347545738 -0.051945851961402514 0.0 -0.9899707975804549 -0.0010255333277991315 -0.1412684261231484 0.0 -0.14112809485729794 0.052325907514890795 0.9886075360044007 0.0 -0.37189279889844895 0.03950877995948604 3.1783687474526165 1.0]
[-0.0018264985323227924 0.9986295347545738 -0.052304074592470856 0.0 -0.9955230182961214 0.003127008511016586 0.09446767627263919 0.0 0.09450176689190287 0.052242455279545984 0.9941529771220691 0.0 0.12852296722990636 0.04499754317347109 3.197462420843199 1.0]
[-0.009986171232786863 0.9986295347545738 -0.05137439731980115 0.0 -0.971279849689112 0.0025274324037812945 0.23792659723818274 0.0 0.2377303724222161 0.05227489264749999 0.9699235050387669 0.0 0.624293152631394 0.03610187346567929 3.138543127855635 1.0]
[-0.01789995125529752 0.9986295347545738 -0.049179711883268536 0.0 -0.9230048845574019 0.002404958211435143 0.38478071580989925 0.0 0.38437166236370124 0.05228067034635825 0.9216968898070016 0.0 1.1012080374109323 0.044026878585781117 3.004561924570637 1.0]
[-0.02537297507137046 0.9986295347545738 -0.045774058722063804 0.0 -0.8568005521176936 0.0018661236296117268 0.515644578632816 0.0 0.5150233257114117 0.05230267582506976 0.8555789876304202 0.0 1.546592868564122 0.043873062351472245 2.8014425912372287 1.0]
[-0.03222123203310985 0.9986295347545738 -0.04124129631973063 0.0 -0.7956262192670003 -0.0006534909167654526 0.6057874975307107 0.0 0.6049303360066905 0.052331876189231324 0.7945568974676056 0.0 1.9650118771675276 0.04155125797486122 2.52562275268628 1.0]
[-0.038276095326055866 0.9986295347545738 -0.035693036329990414 0.0 -0.7166396973330647 -0.0025399363826561897 0.6974389528335405 0.0 0.6963924789462937 0.05227428659518359 0.7157547863814815 0.0 2.346669896502695 0.03895250371732461 2.1755980242804496 1.0]
[-0.04338847412099701 0.9986295347545738 -0.02926589532740977 0.0 -0.5781710726041831 -0.0012091443822907788 0.8159146700321004 0.0 0.8147611006406602 0.052321986637799855 0.5774311721730079 0.0 2.6521967912358804 0.04376695944209592 1.790489836407434 1.0]
[-0.04743248468498934 0.9986295347545738 -0.022118130853930287 0.0 -0.4730252667274287 -0.0029537672536835034 0.881043910538207 0.0 0.8797711386684909 0.05225253654009917 0.4725171065591937 0.0 2.8917835775534226 0.04057916896972854 1.3703951714087903 1.0]
[-0.05030855005664582 0.9986295347545738 -0.014425744592959268 0.0 -0.2841285529275508 -0.00046352764142204437 0.958786081747864 0.0 0.9574654120136632 0.05233390352332768 0.2837624840240815 0.0 3.0740261871009884 0.0359121807214611 0.8890535656973787 1.0]
[-0.051945851961402514 0.9986295347545738 -0.0063781486238081555 0.0 -0.12068335399273393 6.261723937881411e-05 0.992691051711531 0.0 0.9913310025077741 0.05233591878380148 0.12051470894453842 0.0 3.175756817601506 0.03955436024344696 0.3931652604514616 1.0]
[0.052304074592470856 0.9986295347545738 -0.001826498532322798 0.0 -0.06766883053139995 0.0017194027462763602 -0.9977063561132148 0.0 -0.9963358937404283 0.052307704691177466 0.06766602452045377 0.0 -3.197884302368414 0.04177358728028157 0.11644186101846148 1.0]
[0.051374397319801146 0.9986295347545738 -0.009986171232786866 0.0 -0.14943991052470423 -0.0021996393683051483 -0.9887683625243163 0.0 -0.9874352558230821 0.05228971124908545 0.1491221031741829 0.0 -3.138260619414382 0.04260291768777929 0.6257465325673874 1.0]
[0.049179711883268536 0.9986295347545738 -0.017899951255297523 0.0 -0.2852185827568053 -0.003133667155535205 -0.9584573752548194 0.0 -0.9571999352221446 0.052242056295877665 0.28467358775394 0.0 -3.0015246748292377 0.03558772223711257 1.109552812492672 1.0]
[0.10821111755296436 0.9914448613738104 -0.07298932040651139 0.0 -0.523776493686181 -0.005544044347808337 -0.8518376889021051 0.0 -0.8449547554157847 0.13040839860889092 0.5186955859389166 0.0 -2.6623278310512704 0.35002035915383356 1.7754699522066884 1.0]
[0.09546081383839013 0.9914448613738104 -0.08901864903927757 0.0 -0.689410004697306 0.0013406615702507708 -0.7243701043319049 0.0 -0.7180536737908754 0.1305193069320394 0.6836399871814163 0.0 -2.349513376759088 0.34536827839974027 2.1725487650259208 1.0]
[0.08035994807083748 0.9914448613738104 -0.10285604309673864 0.0 -0.7966238357157212 0.0018589032586210598 -0.6044725046255179 0.0 -0.5991099591190452 0.13051295466022114 0.7899579897375777 0.0 -1.9759888160568317 0.3475686436509897 2.517046628109024 1.0]
[0.06328035368240366 0.9914448613738104 -0.11416078001352195 0.0 -0.8918627739842937 0.004846200434992965 -0.45228011975144816 0.0 -0.4478575546073442 0.13043619588446193 0.8845394335948623 0.0 -1.5662791800572218 0.3497929026469561 2.7905302905868847 1.0]
[0.04464258697085588 0.9914448613738104 -0.12265449964846549 0.0 -0.9283666774944654 -0.004174605672067714 -0.3716421461370738 0.0 -0.3689747302274736 0.13045941714935183 0.9202380066757808 0.0 -1.0995891774933342 0.3546393334270323 3.00515114139409 1.0]
[0.02490557160783388 0.9914448613738104 -0.12812805843511763 0.0 -0.9883952361670846 0.005209385722586867 -0.1518147536394494 0.0 -0.14984848889828842 0.13042219579450104 0.9800691206333564 0.0 -0.6266402426380915 0.3465583915252198 3.138086899774559 1.0]
[0.004555298414973759 0.9914448613738104 -0.1304466791904508 0.0 -0.9978614360226253 -0.0039993017151254895 -0.0652423182041797 0.0 -0.06520585675546776 0.13046490885007064 0.9893063750949592 0.0 -0.10477209902505527 0.34818898344758364 3.1982918194370096 1.0]
[-0.015907141343031696 0.9914448613738104 -0.12955326977640766 0.0 -0.9862766597737951 0.005736698536111624 0.16500133537444872 0.0 0.1643329341298887 0.13040006574143906 0.9777476717511987 0.0 0.40895131271785934 0.34591834024357454 3.173818534105586 1.0]
[-0.03597789448839633 0.9914448613738104 -0.1254698288978178 0.0 -0.9494500477205685 0.005267562526287147 0.31387395506547183 0.0 0.31184964003761817 0.13041985907252587 0.9411378551348949 0.0 0.8716487744775657 0.3519862273196751 3.0790169306733652 1.0]
[-0.05516275246767055 0.9914448613738104 -0.11829690442127536 0.0 -0.9064251769454337 -3.6579962796284616e-05 0.42236642534811597 0.0 0.41874869473185206 0.13052618709428454 0.89867260175383 0.0 1.3467262755973988 0.34831669602188375 2.9028205649303476 1.0]
[-0.0729893204065114 0.9914448613738104 -0.10821111755296435 0.0 -0.8592642214175171 -0.007433096505975399 0.5114780023305802 0.0 0.5062978934366049 0.13031437346585645 0.8524556335492525 0.0 1.7886370086490775 0.35311371901507893 2.6534465393391335 1.0]
[-0.08901864903927757 0.9914448613738104 -0.09546081383839013 0.0 -0.7293688579438796 0.0003825465257384514 0.6841205469212251 0.0 0.6783043190079675 0.1305256316346391 0.7230949524796283 0.0 2.1736966646121663 0.35060210802238684 2.3484429430775426 1.0]
[-0.10285604309673865 0.9914448613738104 -0.08035994807083748 0.0 -0.5798794046691846 0.005873885645636054 0.8146811483690622 0.0 0.8081834633540789 0.13039395815331262 0.5743142913406547 0.0 2.5187583845031343 0.3450314731705829 1.973797867783838 1.0]
[-0.11416078001352195 0.9914448613738104 -0.06328035368240366 0.0 -0.4551639129277884 0.004420568897758566 0.8903966930188391 0.0 0.8830589610410897 0.13045131439002838 0.45076526696158065 0.0 2.797710170845613 0.3516293171443879 1.553326333193345 1.0]
[-0.12265449964846549 0.9914448613738104 -0.044642586970855894 0.0 -0.2914306939741679 0.007018346717892084 0.9565661991828283 0.0 0.948695959897437 0.13033736864312287 0.2880766321822497 0.0 3.0012161490186973 0.35026729185404076 1.1104004801904501 1.0]
[-0.12812805843511763 0.9914448613738104 -0.024905571607833892 0.0 -0.1632532805977862 0.003685475657210675 0.9865773074844366 0.0 0.978228790731344 0.13047415117426883 0.16138441331072365 0.0 3.139877922798298 0.3469368224713911 0.6174262279486191 1.0]
[-0.1304466791904508 0.9914448613738104 -0.004555298414973773 0.0 -0.029071041592898972 0.000767718870741224 0.9995770531321934 0.0 0.9910290300636444 0.13052393444576119 0.02872218842482396 0.0 3.1987025210086344 0.3526312926307233 0.09301114479631092 1.0]
[0.12955326977640766 0.9914448613738104 -0.015907141343031696 0.0 -0.14271574522467745 0.0027687285535135968 -0.9897598447134344 0.0 -0.9812482694788338 0.13049682370717997 0.14185349007737136 0.0 -3.17589025900511 0.3541368378153764 0.3920784674326731 1.0]
[0.12546982889781777 0.9914448613738104 -0.03597789448839632 0.0 -0.2222348045281169 -0.007255539539427026 -0.9749661782863761 0.0 -0.9668862465112956 0.13032437991971288 0.21942320366324142 0.0 -3.0718284783740475 0.35199977499153823 0.8967178868550683 1.0]
[0.11829690442127536 0.9914448613738104 -0.05516275246767055 0.0 -0.4704533782956214 0.007037953569819979 -0.8823967849328249 0.0 -0.8744595252237696 0.1303363113833398 0.4672611525479135 0.0 -2.8946177309842724 0.34526064060856676 1.3643173097625472 1.0]
[0.16157773085871208 0.9781476007338057 -0.13084306656926517 0.0 -0.6545030513905175 0.006984850167168684 -0.7560270944805113 0.0 -0.7385921693404632 0.2077943287167428 0.6413291856309886 0.0 -2.489150977573837 0.658655158295635 2.011004868618024 1.0]
[0.1391200757459828 0.9781476007338057 -0.15450849718747367 0.0 -0.7133439566880144 -0.009233645997526786 -0.7007532655923059 0.0 -0.6868668022121321 0.2077065501140778 0.6964710942017536 0.0 -2.14713479351489 0.6552660202855776 2.3727358830069893 1.0]
[0.11323682265532717 0.9781476007338057 -0.1743694158206236 0.0 -0.8217369155346942 -0.006451110257461306 -0.5698305228960386 0.0 -0.5585032351226382 0.20781158378479683 0.803049489136505 0.0 -1.7450712870935021 0.656287235836581 2.682299992565559 1.0]
[0.08456530317942916 0.9781476007338057 -0.18993678073735687 0.0 -0.9339232682744275 0.011362744176697024 -0.35729290088159715 0.0 -0.3473269907072917 0.20760096151866564 0.9144756980383583 0.0 -1.3073224100952967 0.6634946638281239 2.920778653298234 1.0]
[0.05381150528310306 0.9781476007338057 -0.20082727174830145 0.0 -0.9609909581180821 -0.003912330457300558 -0.27655211459268114 0.0 -0.271294490018609 0.20787487786909806 0.9397804716190109 0.0 -0.8117547628447908 0.659341072928933 3.0953747441558868 1.0]
[0.021732689536559942 0.9781476007338057 -0.20677272882130043 0.0 -0.9888913756271396 -0.009387207745167298 -0.14834327602224745 0.0 -0.14704263808763474 0.207699666608901 0.9670777171844982 0.0 -0.3468994944475256 0.6627445649511139 3.1811658885252956 1.0]
[-0.01088125715303466 0.9781476007338057 -0.20762675507137582 0.0 -0.9983627387090398 0.0010334572177145651 0.05719068039081725 0.0 0.05615550017723096 0.2079091223224193 0.976534872216536 0.0 0.16293988287642494 0.6635471772994526 3.1958521897751546 1.0]
[-0.04322727117869949 0.9781476007338057 -0.20336832153790013 0.0 -0.9748080217277093 0.003289051628454049 0.22302130596580988 0.0 0.2188166442521071 0.20788567367205688 0.9533639509023625 0.0 0.6656990540466159 0.6629251362912092 3.129991201532959 1.0]
[-0.07450888632485679 0.9781476007338057 -0.19410228498739815 0.0 -0.9219237535780035 0.006632065492373315 0.38731461151878793 0.0 0.3801381570525041 0.20780588751525889 0.9012833598079582 0.0 1.1528906178223588 0.6611220322041109 2.985110735126729 1.0]
[-0.1039558454088796 0.9781476007338057 -0.18005680599195545 0.0 -0.878769605273397 -0.005548866723006358 0.4772139886106947 0.0 0.4657866067771412 0.20783763195530752 0.8601432181272182 0.0 1.6162169724519089 0.6627186966012171 2.7619184186996537 1.0]
[-0.13084306656926514 0.9781476007338057 -0.16157773085871208 0.0 -0.7447690718424498 0.010594476286321857 0.667238178388463 0.0 0.6543692547466504 0.20764158603448904 0.7271078669574379 0.0 2.0131375854035465 0.661938648818649 2.487423937573593 1.0]
[-0.15450849718747367 0.9781476007338057 -0.1391200757459828 0.0 -0.6831454991158706 -0.004044803572424248 0.7302710911721677 0.0 0.7137502023359409 0.20787234241899535 0.6688420874336808 0.0 2.388820057773892 0.6643181043768887 2.1292715077280677 1.0]
[-0.1743694158206236 0.9781476007338057 -0.11323682265532717 0.0 -0.540590757065794 0.00102433904865293 0.841285078974152 0.0 0.8230169744309082 0.20790916744629842 0.5285989386012622 0.0 2.692669677554107 0.6594697765974762 1.7291033724938434 1.0]
[-0.18993678073735687 0.9781476007338057 -0.08456530317942916 0.0 -0.4409284723845136 -0.008026025097046845 0.8975063593990856 0.0 0.8772149688438908 0.20775671854320651 0.43281756472718447 0.0 2.927335544444369 0.6592799407397364 1.2925953914585904 1.0]
[-0.20082727174830145 0.9781476007338057 -0.05381150528310306 0.0 -0.2856652709585988 -0.005930816353139294 0.9583111073057308 0.0 0.9370505642121371 0.20782708340369138 0.2806138690685671 0.0 3.0936977994807995 0.6614961920468188 0.8180132055736989 1.0]
[-0.20677272882130043 0.9781476007338057 -0.021732689536559942 0.0 -0.12329266268721177 -0.004014588367675706 0.9923622334650466 0.0 0.9705894899200642 0.20787292815308508 0.12142852958745715 0.0 3.181920025101062 0.6606985397577749 0.3397243642174211 1.0]
[0.20762675507137582 0.9781476007338057 -0.010881257153034687 0.0 -0.05188387230382169 -9.622408806297852e-05 -0.9986531202252791 0.0 -0.9768312005527319 0.20791166855091234 0.05073010651559812 0.0 -3.194989185350925 0.6552585037616608 0.17940698825727044 1.0]
[0.2033683215379001 0.9781476007338057 -0.04322727117869952 0.0 -0.16560546258298955 -0.009149593591063456 -0.9861496416364974 0.0 -0.9649954178945781 0.20771026964456507 0.16012584840259475 0.0 -3.128008656642207 0.6567544558187302 0.6750261944330391 1.0]
[0.19410228498739815 0.9781476007338057 -0.07450888632485682 0.0 -0.3900317378389351 0.007258920377850055 -0.920772801267114 0.0 -0.9001108523070984 0.20778493509792184 0.3829175816090733 0.0 -2.980348274841477 0.6634613040886772 1.1652972510325077 1.0]
[0.18005680599195542 0.9781476007338057 -0.10395584540887964 0.0 -0.45623100341936024 -0.010583527066769046 -0.8897984381160662 0.0 -0.8714544268835516 0.2076421444060105 0.4443556252952521 0.0 -2.7679650295192517 0.6550448927850665 1.6057439352987697 1.0]
[0.20430354135243292 0.958819734868193 -0.19729363653737725 0.0 -0.7085030422373958 0.005759860916362581 -0.7056842517320184 0.0 -0.6754876032402146 0.283956933406304 0.6805034590942785 0.0 -2.29366241095878 0.9715748966690776 2.2314239706525445 1.0]
[0.17092470124852824 0.958819734868193 -0.22682473967887493 0.0 -0.8034329502427215 0.002375045665835731 -0.5953905051496551 0.0 -0.5703334471757533 0.2840054140071509 0.770753322306981 0.0 -1.920205457703087 0.9661316986631766 2.5598555064182715 1.0]
[0.1333371277333241 0.958819734868193 -0.2507706649413268 0.0 -0.887935043493441 0.0031817966749380245 -0.45995786188108645 0.0 -0.440218773911482 0.2839975214631412 0.8517938946122262 0.0 -1.5116747237080386 0.974387159055579 2.8204524540051015 1.0]
[0.09246635161276935 0.958819734868193 -0.2685417841728019 0.0 -0.9395812422438058 -0.005254745640256034 -0.34228566559504503 0.0 -0.32960136990463273 0.2839667298743714 0.9004031504173258 0.0 -1.0552974235054566 0.9744499445097082 3.021018136650979 1.0]
[0.049318747037281285 0.958819734868193 -0.27970051343885777 0.0 -0.9807696318665199 -0.006454470034561607 -0.19506221834323512 0.0 -0.18883482305730487 0.2839419938013061 0.9400629520181376 0.0 -0.5641087498030218 0.9705365032072514 3.1498975653903902 1.0]
[0.004956751230198096 0.958819734868193 -0.28397208779126504 0.0 -0.9989614304426645 -0.008114562701377597 -0.04483541412891271 0.0 -0.04529338919961304 0.2838994010198919 0.9577837120119337 0.0 -0.05310497114666922 0.9700238396278723 3.1995604990211284 1.0]
[-0.03952729624268675 0.958819734868193 -0.28125132689292487 0.0 -0.9806103454918449 0.01684499095720576 0.195242404702504 0.0 0.1919399467700968 0.28351536520432125 0.9395627145257269 0.0 0.45970951060451715 0.9743403812195974 3.166840273718592 1.0]
[-0.08303805049850152 0.958819734868193 -0.27160522490684214 0.0 -0.9670316932787149 -0.011688757461481725 0.2543876513188251 0.0 0.24073717279205092 0.28377471518141756 0.9281796833909883 0.0 0.9462645047805119 0.9686982736301906 3.0569115288721864 1.0]
[-0.12450413236355364 0.958819734868193 -0.25527130087749134 0.0 -0.9218606029937912 -0.016628160753541153 0.38716473614971453 0.0 0.3669764974386267 0.28352816491001803 0.8859684136753609 0.0 1.4138153377424445 0.9658371380223355 2.870762395089365 1.0]
[-0.16290450928428984 0.958819734868193 -0.23265175022366094 0.0 -0.8463256925914828 -0.01459206198849592 0.5324658616160014 0.0 0.5071439075000227 0.28364024353785183 0.8138508888803873 0.0 1.8252836684109743 0.9707546208631707 2.628401300044223 1.0]
[-0.19729363653737725 0.958819734868193 -0.20430354135243295 0.0 -0.7455733824381465 -0.011435142582751896 0.6663254226831313 0.0 0.6365497249874504 0.28378504812868516 0.7171265537386 0.0 2.23592481897499 0.9656386051122537 2.289315992256686 1.0]
[-0.22682473967887493 0.958819734868193 -0.17092470124852827 0.0 -0.6173997925987014 -0.00582737194391108 0.7866279538862752 0.0 0.7532383643765705 0.2839555559652167 0.5932968975713538 0.0 2.556296325521667 0.974296017911925 1.9249286502811365 1.0]
[-0.2507706649413268 0.958819734868193 -0.13333712773332412 0.0 -0.4750061413023235 -0.0018601324068092545 0.8799805143481907 0.0 0.8434946587441806 0.2840092532554479 0.4559117291047918 0.0 2.8282789426867314 0.973289118447968 1.496955239313764 1.0]
[-0.2685417841728019 0.958819734868193 -0.09246635161276937 0.0 -0.2971873950700418 0.008841731430026024 0.9547782339354004 0.0 0.9162777757671366 0.2838776845977987 0.2825747650138305 0.0 3.0191669892514676 0.966981554118551 1.0606735459192989 1.0]
[-0.27970051343885777 0.958819734868193 -0.049318747037281306 0.0 -0.12835524492422098 0.01356375111032573 0.9916354954096088 0.0 0.9514686300044172 0.2836912770655896 0.11927575375746857 0.0 3.1482833513250545 0.9682690621124188 0.5732634126847325 1.0]
[-0.28397208779126504 0.958819734868193 -0.0049567512301981215 0.0 0.003387770085755755 0.006172860525109221 0.9999752090960974 0.0 0.9588265621942876 0.28394825553298536 -0.005001180906378279 0.0 3.1996319352373397 0.9657931693455745 0.049012393060887144 1.0]
